50 100
4 4 2 2 1 1 3 1 3 0 5 2 0 2 3 4 1 4 1 1 3 1 3 3 0 3 3 0 3 1 1 1 0 1 1 1 4 1 2 1 1 4 4 2 1 5 3 1 1 1
23 4 51 97 49 3 69 64 54 28 57 83 2 22 26 31 46 9 77 17 50 63 43 18 13 89 45 67 11 62 74 94 16 12 30 24 25 44 68 42 33 58 38 80 1 98 72 73 82 21 96 7 92 61 39 86 66 20 79 29 53 52 35 48 56 41 88 70 36 100 75 95 84 8 32 34 47 99 71 27 6 60 87 59 85 15 5 81 55 93 76 14 90 37 65 40 78 19 10 91
385 261 415 51 455 213 491 283 42 30 452 465 100 463 85 350 225 304 316 143 259 248 378 105 249 301 80 104 485 388 63 176 318 151 456 416 36 83 192 468 193 493 298 208 77 28 3 141 186 269
366 256 128 476 96 254 224 425 20 466 280 121 299 51 487 416 155 359 112 109 297 146 216 8 165 138 144 249 191 108 239 199 55 428 481 140 376 77 495 209 234 233 337 340 381 373 330 74 365 369
420 398 429 283 136 343 68 167 132 58 77 145 80 378 364 206 213 320 467 262 207 247 493 390 402 182 495 379 353 335 301 97 363 119 394 471 189 409 137 159 153 140 448 188 1 143 284 246 65 440
72 123 303 233 395 462 424 54 215 91 478 313 82 343 255 375 46 135 178 481 171 100 107 52 73 479 286 385 266 122 29 101 176 405 300 33 225 65 422 369 10 97 338 103 272 289 228 198 488 177
393 120 146 70 312 197 492 236 399 334 270 191 170 84 491 31 486 285 1 216 309 326 436 380 18 6 74 322 85 412 150 308 235 201 65 137 98 110 431 13 361 342 211 336 226 22 190 217 206 279
159 311 152 154 477 27 184 419 274 280 143 183 297 38 252 361 295 411 72 475 492 51 299 403 291 84 216 219 249 161 48 264 382 66 352 455 139 462 422 124 265 450 445 283 401 362 220 389 128 102
227 230 394 292 334 390 423 273 389 115 494 496 39 147 437 74 214 201 295 470 288 61 433 197 324 56 306 26 279 417 24 64 188 360 463 79 247 176 82 110 200 221 220 211 329 301 326 378 57 28
91 219 26 399 208 112 440 333 81 382 491 305 212 312 3 175 206 352 10 345 296 395 24 197 381 429 401 203 118 159 75 430 174 336 244 342 450 448 257 169 400 35 328 162 474 34 59 237 79 210
378 223 271 435 388 326 475 36 398 420 154 471 200 250 365 44 147 383 430 257 280 474 61 132 237 360 277 291 120 364 349 379 77 496 187 473 385 389 211 463 386 381 172 157 304 497 428 57 284 13
251 481 54 245 147 213 65 100 41 455 384 189 278 327 210 166 349 378 405 4 96 370 99 498 458 89 254 246 443 308 260 279 57 18 432 436 31 344 252 248 9 133 259 110 411 361 242 415 217 209
314 445 64 130 430 112 42 223 278 175 122 13 215 102 368 248 172 151 91 306 241 499 435 485 12 148 342 202 84 367 70 395 136 157 447 444 360 288 234 294 350 132 322 404 443 185 491 293 388 438
31 327 64 251 196 92 495 93 166 448 356 247 119 496 132 325 361 276 239 29 133 346 210 406 160 105 411 457 280 209 344 308 231 124 419 127 250 98 235 402 55 462 111 41 487 40 372 36 289 94
341 277 155 57 82 457 332 494 55 203 91 28 405 189 460 375 207 161 402 226 380 447 195 244 377 484 135 317 462 177 287 49 349 211 29 234 272 398 469 109 242 318 176 111 68 212 356 32 297 371
272 250 289 46 19 420 49 304 37 129 143 370 24 110 177 23 105 477 399 412 294 248 465 418 60 38 192 71 385 182 279 246 236 262 367 384 8 183 237 193 52 425 403 489 486 455 491 281 118 352
152 377 457 445 323 50 313 430 34 443 104 358 320 159 363 75 465 441 367 297 62 45 156 146 484 344 203 249 228 257 85 274 341 148 252 416 166 236 374 214 239 359 117 56 270 20 390 364 342 352
403 16 411 414 223 494 395 310 87 220 99 316 386 287 380 314 422 129 381 291 473 196 365 487 89 275 262 448 151 31 426 97 162 341 180 255 290 214 449 247 280 175 215 131 30 50 485 18 295 374
175 223 128 27 145 66 381 85 77 326 404 472 374 92 49 53 287 136 183 208 10 458 396 122 69 99 488 321 427 89 296 419 86 388 143 15 317 102 289 316 375 414 430 494 339 42 457 74 119 357
259 58 90 320 137 44 283 245 182 34 59 20 100 391 31 129 4 246 95 262 243 230 426 485 174 490 303 342 279 333 52 302 295 210 410 258 401 314 131 205 446 51 46 238 399 424 17 497 356 425
402 255 91 383 63 171 92 114 420 254 283 454 200 236 22 121 358 169 161 26 47 44 128 62 211 367 145 233 176 221 445 231 458 484 406 273 219 470 356 129 437 433 89 146 381 312 10 487 113 65
313 338 129 114 172 91 499 213 228 12 134 380 115 465 156 133 155 234 308 307 339 361 145 14 335 473 442 167 303 367 324 208 350 231 374 492 47 146 370 301 427 298 2 373 280 149 4 291 93 289
325 60 450 394 482 126 292 321 418 19 6 368 421 286 82 314 267 409 125 413 446 104 160 107 412 14 293 463 29 113 434 462 111 348 442 136 277 480 1 237 479 232 135 358 322 122 229 270 285 249
39 204 316 428 70 241 300 382 141 348 165 495 479 25 430 442 96 111 423 46 279 427 369 198 290 119 415 129 284 112 24 412 478 264 22 323 4 349 32 148 31 352 68 402 305 10 307 252 142 262
146 141 275 230 331 296 96 131 279 181 257 138 334 185 102 238 69 105 182 68 456 399 76 217 381 59 135 215 266 285 55 405 490 89 342 369 152 233 177 320 14 203 108 139 435 360 3 361 244 487
253 15 12 42 85 109 194 188 457 17 447 429 479 361 487 39 425 213 105 48 80 146 316 297 365 470 35 94 403 233 269 173 159 383 205 443 391 99 449 377 379 207 235 196 340 31 282 364 70 145
486 318 205 64 323 368 132 498 40 32 464 147 150 468 33 433 143 398 364 162 319 342 112 41 374 67 30 121 88 303 454 242 427 60 345 344 309 180 463 456 7 15 409 195 266 203 332 148 497 9
265 385 40 376 383 457 68 119 159 252 226 458 399 398 394 188 198 363 319 471 397 167 359 157 128 294 23 260 156 30 280 57 179 413 33 388 362 466 297 360 161 333 300 71 223 258 279 205 139 330
146 429 316 52 108 157 406 334 310 204 232 147 205 451 375 25 480 285 485 498 304 88 319 322 326 402 472 107 374 32 230 300 72 460 474 368 31 85 74 182 449 49 224 89 164 133 357 282 181 233
278 53 135 485 475 395 68 275 315 150 181 398 452 235 219 438 362 460 69 116 204 266 148 70 410 211 85 244 458 295 213 493 288 60 419 194 466 248 8 175 420 179 76 342 439 74 336 105 103 382
365 451 426 48 249 374 27 182 349 496 327 139 285 361 368 261 465 356 246 14 33 355 179 309 339 315 19 194 185 263 102 211 24 69 38 430 157 498 310 206 482 174 83 92 196 28 152 135 199 132
83 255 342 201 221 382 150 443 287 444 462 310 249 494 52 448 148 66 197 79 181 318 11 58 488 459 471 278 252 369 45 327 103 228 17 391 169 100 425 353 395 339 192 362 412 466 433 199 361 357
231 188 431 224 156 2 100 245 404 355 193 395 429 178 251 483 152 71 470 37 117 65 317 346 244 414 36 430 293 461 217 174 196 125 232 455 454 218 325 83 360 321 250 464 356 481 78 191 385 446
336 278 206 409 229 353 475 161 23 164 427 289 214 136 262 261 21 346 104 67 218 291 238 363 239 446 277 171 443 248 380 348 495 420 275 226 383 464 215 74 186 180 63 199 458 31 116 491 72 256
224 185 451 392 29 190 322 149 341 298 174 342 116 95 81 19 468 329 24 350 466 455 434 253 403 70 147 268 265 183 133 336 339 205 438 106 461 480 58 346 206 460 365 113 464 425 307 325 427 218
199 211 127 83 321 319 162 4 153 470 288 378 137 446 251 223 220 116 438 387 355 24 364 396 289 391 167 430 212 63 103 140 443 417 326 134 416 408 85 342 308 259 329 213 249 221 420 290 100 91
390 485 126 314 363 7 388 427 256 218 487 202 379 302 239 269 54 205 75 156 403 168 204 498 228 480 357 139 471 157 316 412 81 173 234 451 445 383 40 17 282 31 276 331 241 65 351 49 169 143
408 34 81 12 70 414 7 261 80 305 131 258 58 79 315 28 226 110 438 423 388 351 251 355 277 104 405 197 295 360 471 193 231 147 439 329 347 134 142 100 454 225 421 236 406 98 341 151 116 35
184 166 339 365 324 363 274 163 320 47 32 104 164 282 499 424 222 271 114 463 56 171 116 180 165 92 326 205 70 314 99 108 122 188 191 133 445 277 219 10 73 7 138 252 397 264 332 402 435 68
250 274 158 386 37 74 263 114 442 143 196 343 32 221 432 227 290 294 173 345 113 309 183 218 459 73 214 38 272 146 186 235 44 283 220 63 230 335 123 1 232 80 249 6 279 139 428 89 270 28
141 483 27 444 260 423 491 95 172 121 447 55 337 216 127 144 150 269 309 494 449 138 375 395 137 262 10 147 160 35 190 443 327 78 362 86 62 312 496 146 17 161 292 171 6 353 472 178 384 344
32 248 72 447 491 161 399 292 384 460 262 381 268 35 281 42 359 25 73 82 439 231 129 277 46 234 469 39 473 494 453 203 217 321 77 29 96 495 110 467 2 319 448 457 56 57 229 170 468 404
436 336 306 248 495 363 496 397 485 449 12 117 288 360 225 77 5 491 44 106 474 13 457 406 202 425 499 33 325 275 195 310 24 4 348 65 419 11 73 247 207 29 38 342 469 377 124 31 138 60
98 29 34 457 87 416 368 35 129 453 219 238 43 477 210 350 230 437 399 386 331 76 23 17 431 203 119 421 392 398 118 286 332 180 38 13 427 380 223 105 441 360 109 472 30 220 309 61 145 408
165 463 66 346 183 179 173 382 428 392 47 376 45 289 169 17 254 292 440 311 260 109 455 149 188 197 166 119 350 492 126 272 454 375 412 158 226 443 153 377 447 43 104 76 220 309 217 224 334 314
77 324 106 438 386 247 73 349 463 147 316 495 387 23 473 135 355 79 105 128 445 435 26 176 321 158 319 207 163 123 173 199 81 300 428 30 346 25 208 486 148 87 293 434 240 266 404 354 303 82
130 210 371 310 132 182 443 133 200 89 154 333 416 470 129 22 19 457 433 330 449 218 347 271 375 204 250 212 446 264 473 272 372 384 71 497 17 312 289 422 392 181 418 53 479 336 145 253 66 316
435 171 218 137 5 359 329 18 378 233 75 426 328 277 283 133 291 7 67 188 483 72 281 103 66 475 239 344 167 132 437 153 497 480 71 38 364 134 372 492 51 142 374 183 308 27 383 102 12 306
303 333 252 216 344 464 56 37 135 83 483 379 326 85 190 304 332 92 254 63 399 387 401 71 492 245 325 220 445 311 427 307 423 18 16 466 148 79 359 347 41 376 306 239 290 281 422 274 291 484
64 4 203 338 150 77 116 399 388 180 79 460 257 29 494 226 369 157 247 361 89 398 431 466 165 36 223 97 457 304 117 83 207 407 212 461 179 209 92 32 451 31 346 17 297 487 90 21 6 261
127 177 257 15 494 454 96 468 466 129 293 97 125 57 312 485 202 380 241 180 461 253 52 205 317 447 476 377 141 405 191 199 39 279 122 362 308 390 123 40 251 173 87 490 71 496 448 431 151 163
5 398 142 480 139 302 182 79 75 88 96 212 100 239 43 26 274 207 14 154 28 178 180 491 152 150 291 368 141 35 95 78 373 191 151 195 468 457 7 423 280 245 284 71 437 234 225 466 365 383
215 450 47 125 163 430 148 151 31 334 397 178 461 308 305 300 259 211 260 349 36 84 99 274 254 188 484 236 62 92 445 264 60 116 476 186 311 167 201 301 48 205 352 278 446 175 488 399 37 354
119 155 263 412 391 340 103 444 142 184 77 487 485 288 484 135 19 489 55 443 63 379 32 306 241 69 125 235 178 186 468 123 280 17 96 335 227 312 357 53 28 127 117 20 62 473 433 148 346 256
258 445 351 331 474 85 255 40 324 353 268 37 53 385 16 68 491 358 430 475 494 7 234 249 113 99 248 356 471 17 338 217 237 314 92 244 381 395 482 302 28 107 479 232 93 400 307 472 441 344
153 72 395 2 280 202 75 367 286 20 128 326 120 391 248 1 129 294 290 497 172 5 98 126 262 300 435 339 344 11 422 261 209 483 380 161 317 295 358 213 181 466 29 112 54 451 238 394 139 91
242 409 309 392 343 44 122 13 499 393 332 178 401 486 22 390 378 23 351 355 129 304 423 258 468 48 476 435 403 268 39 333 396 163 83 446 285 12 223 112 342 277 323 205 497 94 311 349 419 19
61 369 486 15 463 124 107 127 469 359 345 283 140 293 333 183 426 222 461 366 57 342 197 6 238 442 43 325 456 254 192 430 157 490 299 198 55 73 180 19 72 1 349 273 365 485 386 70 94 429
290 47 5 238 30 22 497 284 455 240 239 309 124 66 350 395 209 208 401 168 474 318 492 143 247 268 429 462 78 319 73 11 219 269 296 175 42 20 19 489 206 388 90 48 59 31 126 390 432 162
479 498 419 478 407 375 274 123 454 292 54 368 190 135 31 270 84 357 19 287 246 219 209 354 337 353 194 167 383 327 111 207 232 110 81 402 17 255 237 273 47 92 89 32 492 391 396 213 137 119
305 29 373 123 375 306 313 205 87 383 149 338 79 136 355 391 94 309 315 334 468 125 65 406 328 61 180 232 185 173 458 138 414 247 400 299 108 22 137 74 448 164 99 112 430 346 246 103 84 332
269 37 395 109 164 176 35 384 113 261 347 430 352 281 72 313 197 283 206 165 128 167 173 107 96 334 239 27 26 85 439 428 478 449 151 322 20 266 421 5 205 185 315 74 105 94 157 289 89 116
274 49 166 201 135 93 137 5 21 101 241 290 27 145 58 65 16 3 496 115 33 457 489 412 281 439 61 325 173 211 422 144 474 406 302 384 76 123 476 235 429 97 338 307 419 239 479 443 469 303
408 494 189 8 22 454 59 206 257 198 228 416 389 438 268 30 456 402 158 113 252 356 190 461 7 192 48 391 119 347 128 481 5 234 471 289 78 204 241 133 135 13 216 410 424 369 469 147 185 256
427 162 126 439 484 255 434 52 70 478 43 2 236 81 211 417 276 399 313 142 471 144 444 247 271 77 124 304 83 92 197 217 32 492 263 69 361 169 385 287 430 398 87 90 7 213 421 445 436 103
195 162 424 350 109 120 431 189 258 244 177 323 152 187 297 153 207 146 285 255 203 460 287 369 412 148 119 495 434 267 356 86 294 304 202 116 354 472 335 309 394 112 114 38 405 13 199 158 236 372
370 347 134 411 294 432 415 493 396 213 344 24 460 57 303 106 247 256 246 218 457 343 122 127 293 305 364 390 437 311 254 189 478 283 125 418 466 62 416 320 421 152 118 342 243 1 475 334 472 233
129 271 249 104 373 37 1 58 475 93 491 9 459 332 61 451 224 389 293 421 357 13 136 464 195 391 130 51 20 247 126 57 97 21 206 86 361 415 151 312 425 309 297 81 316 318 243 44 298 33
379 253 495 146 264 249 36 441 490 287 24 51 308 241 148 426 356 18 145 364 487 175 76 424 423 143 307 492 20 303 478 33 352 269 240 358 343 443 31 198 400 278 470 164 137 89 160 92 220 91
389 431 408 339 193 233 57 257 132 223 122 184 410 475 421 341 82 108 299 80 129 38 486 157 81 243 405 406 151 391 24 83 282 33 203 170 357 68 394 104 247 42 177 5 201 407 278 266 388 67
489 13 19 335 313 73 110 32 78 60 264 170 480 435 123 205 158 436 209 181 109 393 203 72 498 160 286 12 82 333 70 85 68 392 345 156 94 137 107 226 402 483 372 77 344 354 99 306 380 237
303 392 475 490 240 115 282 315 67 121 485 268 427 152 374 168 81 338 272 448 166 462 201 110 153 155 105 107 159 66 51 410 378 238 433 139 454 49 383 439 443 133 295 270 344 297 164 449 93 31
498 103 262 455 208 25 220 201 8 314 459 127 369 472 95 23 112 478 199 125 1 280 451 97 308 415 244 193 353 210 470 71 256 32 228 295 247 91 329 416 258 62 463 189 323 238 109 133 393 326
163 457 334 201 150 260 193 80 382 493 384 200 322 259 267 321 458 187 240 480 498 392 476 368 412 420 78 195 25 114 364 95 385 426 391 475 225 152 5 312 124 396 209 29 472 161 82 46 360 429
422 325 85 280 368 455 495 5 265 301 70 10 492 312 128 150 240 294 222 244 33 37 480 454 47 90 255 247 54 30 214 127 68 379 69 2 269 122 4 453 392 55 132 281 164 57 228 1 239 344
486 35 52 224 163 149 218 324 197 6 319 341 464 111 139 292 46 354 259 290 401 351 422 283 180 411 447 372 241 20 323 60 16 148 420 33 492 170 271 201 17 191 365 432 269 199 221 371 12 196
193 495 56 379 243 135 20 448 10 101 82 396 428 393 460 1 470 435 419 496 336 86 233 54 454 61 27 349 388 198 158 197 228 347 380 258 137 264 222 354 266 322 42 452 332 166 79 25 186 468
307 166 252 82 270 15 11 128 59 50 21 295 91 334 48 478 70 370 354 231 58 239 428 24 16 90 469 263 119 120 280 229 338 345 463 415 423 225 449 31 35 498 158 346 427 113 382 393 61 230
420 6 29 449 405 26 431 355 266 450 41 377 318 240 468 251 265 397 412 428 391 61 203 245 249 338 387 180 262 201 310 325 327 103 93 454 175 307 126 272 227 215 331 416 403 117 200 59 312 19
284 380 394 203 370 133 169 86 5 186 255 138 309 419 233 7 413 350 383 292 430 160 79 22 201 153 453 226 393 37 92 245 426 164 490 142 444 291 414 234 3 144 474 356 148 424 325 310 240 27
227 366 247 137 329 461 151 448 193 28 399 89 344 204 421 471 178 200 301 425 274 85 252 171 445 379 342 21 356 392 397 72 166 439 117 212 66 271 157 33 294 2 323 82 479 99 34 415 381 402
74 36 379 2 415 240 111 24 332 162 91 259 437 296 331 299 489 130 281 98 225 62 218 351 224 368 474 134 311 103 190 209 235 317 404 92 457 355 283 214 325 116 165 429 207 362 444 145 156 282
50 419 333 407 379 490 376 436 199 469 126 456 231 318 356 372 391 29 111 169 360 262 444 114 121 278 181 321 144 353 248 66 238 274 53 57 124 498 99 442 399 279 322 166 68 132 82 299 139 119
100 271 154 327 249 496 420 386 88 146 490 234 330 273 183 163 375 38 66 343 37 338 465 200 462 55 97 429 239 269 246 458 35 119 131 96 389 124 423 388 63 167 158 424 395 198 6 171 288 335
329 394 12 65 401 106 257 225 80 352 221 33 373 52 326 487 135 186 91 37 2 402 428 463 321 204 345 318 346 229 400 342 490 467 118 175 427 64 232 300 67 89 202 88 297 184 387 66 469 230
122 404 285 192 287 259 481 326 444 54 18 245 247 234 70 103 214 312 14 427 173 178 5 77 107 477 405 475 349 118 267 81 442 320 112 332 242 297 447 303 386 98 23 108 43 237 218 180 154 58
326 105 495 62 273 317 434 417 78 315 319 117 451 172 206 438 446 499 186 388 371 144 393 263 241 7 57 93 327 408 211 374 73 264 383 35 437 194 184 272 2 255 254 207 14 455 232 367 487 131
74 30 104 142 137 378 254 343 108 15 89 402 106 135 13 187 436 261 373 321 289 156 440 95 181 427 9 315 31 394 238 70 124 178 462 97 322 288 393 480 54 360 336 455 109 437 72 33 367 262
314 148 280 144 339 5 403 27 499 202 335 13 81 490 485 47 221 382 28 322 175 16 285 423 416 368 437 372 25 194 494 192 266 8 357 483 466 452 330 9 458 396 83 151 453 142 30 256 232 32
78 458 61 175 32 454 389 270 178 102 435 39 126 317 9 16 166 87 195 446 230 75 291 203 142 485 186 187 364 254 392 441 379 248 121 388 418 384 324 17 348 33 284 164 345 416 197 423 333 22
295 447 156 466 25 179 195 393 220 192 290 163 127 369 254 264 334 96 110 426 362 81 152 462 24 418 465 489 460 250 194 480 332 318 94 10 443 303 375 411 252 231 74 59 234 101 347 396 55 48
497 424 45 402 342 485 473 298 8 137 171 450 5 280 355 113 218 15 249 275 23 250 122 2 432 41 483 196 373 157 319 108 245 176 291 58 282 170 194 310 382 207 240 385 151 169 26 306 356 365
471 490 407 86 431 449 253 489 108 246 297 384 144 234 117 87 437 118 364 410 447 270 495 126 124 226 55 6 300 70 152 360 330 250 163 151 66 80 219 433 371 245 429 342 222 186 344 45 146 27
220 76 443 174 473 66 251 41 232 333 154 219 182 283 18 235 194 252 6 424 489 80 306 459 274 121 30 144 426 163 36 82 368 96 85 214 265 293 112 188 471 490 448 172 408 272 390 415 110 201
473 438 236 455 365 368 312 126 86 238 374 446 42 243 200 139 232 81 250 242 165 398 394 414 186 280 7 319 12 310 292 313 137 396 388 98 287 207 485 183 176 326 311 315 380 20 419 79 356 244
339 243 286 376 86 307 327 95 36 40 37 133 77 352 4 450 85 168 424 261 476 222 149 423 497 432 438 208 100 8 236 441 282 197 464 157 26 280 150 313 311 134 249 336 364 405 107 296 63 328
102 140 404 214 66 424 441 180 429 333 45 401 201 335 398 143 187 364 397 413 169 493 312 255 149 458 371 132 257 362 395 190 285 339 495 27 106 456 250 73 448 344 488 384 386 432 330 373 224 191
142 169 39 167 44 193 180 122 88 497 377 378 348 34 90 263 135 171 445 242 260 307 291 313 29 413 221 131 162 182 150 49 303 45 252 374 441 209 266 344 412 38 174 392 366 277 315 36 363 278
86 466 356 307 228 491 88 299 202 251 50 482 67 80 70 103 25 331 393 333 21 115 478 111 364 484 264 416 106 191 320 275 267 230 59 24 430 253 167 151 179 181 85 283 282 141 225 121 488 131
291 439 365 338 385 451 399 19 181 499 447 110 33 13 145 346 156 248 297 477 57 453 429 242 74 363 334 404 233 136 446 153 378 379 223 356 99 390 431 75 131 381 295 115 411 442 102 188 496 345
168 491 212 451 488 116 298 204 95 15 252 357 302 320 472 132 16 445 403 181 186 208 63 151 160 1 315 292 340 234 128 349 272 174 54 219 224 69 137 259 406 442 31 375 309 308 383 484 444 498
418 388 56 425 235 307 325 341 57 268 427 483 104 460 124 12 213 121 445 283 297 167 267 161 226 373 234 305 448 24 450 458 122 14 398 464 160 163 435 159 475 312 491 107 415 97 247 242 239 391
41 33 49 22 3 9 7 13 45 34 38 16 46 1 23 35 15 1 26 48 24 7 2 9 31 44 32 6 16 47 2 19 18 43 27 1 42 41 10 49 39 1 46 22 45 22 12 16 10 43
50 12 1 23 33 27 19 34 45 33 12 45 14 44 39 22 10 31 47 1 1 14 41 5 40 28 4 7 19 31 4 49 45 14 10 42 11 34 1 48 28 41 44 17 26 22 12 4 39 14
34 6 46 3 25 43 24 41 8 21 17 43 17 5 26 16 9 35 13 41 5 17 19 10 49 13 45 21 39 39 9 42 45 16 43 37 4 40 33 18 33 7 9 13 24 18 19 48 15 34
30 41 17 44 11 43 22 13 48 24 37 27 1 37 50 18 31 3 13 45 39 3 6 28 47 14 16 5 6 33 36 15 14 13 3 43 40 42 31 14 19 38 3 1 33 3 22 27 31 40
40 13 15 6 45 11 15 9 8 27 24 12 32 13 2 16 20 47 22 30 27 30 24 24 34 14 27 12 43 11 37 20 47 42 14 20 37 36 5 34 20 18 40 34 1 40 28 38 5 8
40 40 8 39 25 12 39 37 8 26 40 46 28 16 15 31 37 25 18 39 24 50 25 20 32 19 24 5 42 30 7 1 32 29 45 39 32 46 25 3 10 5 42 33 47 45 32 14 27 30
48 26 44 38 12 28 14 22 31 11 46 27 5 48 13 27 29 9 31 26 9 20 44 47 38 35 48 25 26 13 31 15 41 34 25 16 7 23 27 45 2 45 25 21 21 4 27 33 35 35
31 40 26 22 29 9 21 8 41 2 31 18 5 31 37 17 37 28 1 31 15 3 8 24 2 36 50 22 44 10 4 24 15 28 1 28 44 4 49 45 36 19 45 4 3 7 24 29 27 36
33 30 14 8 13 16 42 2 39 21 23 12 18 28 11 37 49 36 15 8 27 39 38 13 44 47 10 5 7 36 14 12 48 10 5 49 20 30 26 25 9 38 1 49 36 43 45 25 45 41
44 18 10 3 35 30 7 49 42 4 50 28 35 11 42 37 41 13 14 18 1 41 31 15 12 43 31 16 46 28 1 8 20 37 25 24 24 14 5 33 50 7 22 32 46 33 38 9 23 30
39 28 12 23 29 35 50 37 33 37 39 32 48 19 1 29 38 22 37 5 9 37 39 24 43 44 20 35 18 42 37 48 14 16 1 36 47 48 33 19 17 27 41 9 36 14 46 31 3 28
13 16 43 10 40 33 2 2 16 44 15 24 47 21 42 37 7 18 15 25 40 41 25 5 2 36 12 9 49 33 12 25 45 46 33 19 46 25 22 46 37 8 20 18 41 38 33 6 31 14
43 6 49 40 13 5 21 27 45 28 31 40 9 24 35 13 41 50 14 10 22 40 38 16 22 9 16 32 32 15 2 46 19 46 7 36 33 5 47 44 18 20 15 4 16 2 33 40 49 6
10 36 46 49 11 24 2 24 3 13 33 45 20 32 43 7 11 35 22 2 2 42 33 34 27 36 43 36 19 7 11 13 32 42 17 33 8 44 13 16 17 17 5 1 44 7 41 14 37 27
28 29 3 41 8 22 38 21 2 19 26 38 20 8 28 31 30 21 48 12 44 14 17 41 40 36 38 1 6 34 4 5 13 19 30 23 8 6 42 8 20 45 18 2 48 37 11 20 22 12
29 43 42 2 1 38 48 4 43 37 20 28 43 48 25 11 2 4 29 46 24 17 42 39 35 39 19 39 29 4 49 8 41 50 9 40 3 20 32 38 7 6 44 24 7 32 9 23 28 13
44 24 43 18 39 17 46 2 25 11 23 30 49 32 4 47 18 38 17 39 36 33 33 30 49 2 18 34 23 5 15 35 46 10 5 9 3 6 27 3 30 41 27 23 14 50 13 9 49 8
35 3 21 37 44 11 3 2 22 14 15 7 35 31 35 1 32 7 9 3 31 17 48 46 3 17 24 32 30 18 9 2 49 6 25 20 47 9 35 27 32 6 14 26 35 13 18 29 43 48
38 25 9 9 33 42 45 13 13 33 18 23 21 39 14 15 49 43 13 15 4 11 28 37 39 41 3 29 38 33 7 13 16 37 41 24 12 39 18 43 33 44 43 11 21 21 12 8 21 34
20 26 40 32 13 30 12 2 34 11 2 37 33 48 42 15 33 32 30 39 24 12 15 47 4 21 45 22 31 6 31 30 15 39 17 29 39 41 19 20 13 17 24 38 29 30 5 20 38 11
18 17 4 10 25 26 43 7 34 10 37 48 6 46 7 40 33 3 25 10 18 15 26 8 50 49 5 4 30 34 19 18 9 43 50 41 13 7 41 9 20 17 39 20 11 11 34 19 11 13
16 30 33 22 35 14 45 15 13 13 20 50 19 37 42 33 24 17 27 35 50 9 37 33 40 34 11 39 20 48 20 25 30 45 37 44 10 34 41 46 9 24 44 44 3 41 23 26 45 40
43 33 9 21 1 13 7 7 9 26 38 39 31 4 14 6 33 31 37 22 13 17 21 37 11 30 48 35 45 34 14 47 29 11 20 46 25 7 19 12 47 47 46 36 31 39 1 17 48 15
21 18 13 48 31 13 35 46 42 3 35 3 5 42 16 36 16 25 30 31 6 25 26 10 27 9 17 41 48 16 6 15 31 15 50 23 47 49 10 21 34 10 34 23 11 13 46 4 32 19
37 48 50 12 22 4 37 45 36 4 21 35 10 36 46 40 31 49 29 16 35 30 19 40 2 33 34 30 45 8 17 23 25 22 25 5 23 12 20 9 33 35 11 32 24 48 37 5 15 5
16 48 42 6 48 30 38 49 42 43 36 2 38 34 26 29 18 31 19 10 35 15 43 8 9 45 21 5 3 20 15 13 32 11 36 38 9 42 32 40 16 40 35 26 31 37 17 6 35 5
25 41 35 48 32 24 11 8 4 13 31 44 50 8 36 17 13 33 32 19 10 36 7 41 46 46 16 4 23 10 47 20 29 25 35 15 35 40 27 26 20 50 29 23 50 4 11 42 16 30
21 16 18 39 23 6 31 32 36 16 31 15 11 20 33 18 23 41 16 9 32 39 32 1 22 40 8 40 5 50 31 4 25 24 43 50 25 3 41 25 19 14 10 37 16 31 47 13 1 47
49 6 40 30 31 27 13 24 43 8 24 24 27 10 40 26 39 14 2 21 14 34 22 43 3 40 35 41 43 29 49 11 33 4 42 9 47 5 24 16 48 36 20 46 40 13 11 29 47 16
10 19 29 27 6 24 5 19 22 50 20 41 35 10 42 4 46 7 31 34 9 45 50 12 14 38 11 26 6 20 28 4 16 42 44 14 24 23 31 26 30 29 31 42 41 1 20 8 48 14
6 12 24 44 28 5 2 34 10 46 31 32 16 7 20 12 14 12 18 28 25 18 8 19 19 2 40 43 19 23 14 12 46 2 19 27 40 49 50 40 32 4 47 9 16 34 9 37 47 23
4 2 12 8 35 31 3 40 9 7 24 50 39 9 18 3 40 43 6 32 21 45 8 38 46 26 27 6 43 14 40 49 28 20 31 20 26 12 2 43 36 9 18 49 29 11 34 7 5 41
28 47 39 36 12 33 50 46 30 39 15 12 35 46 35 15 5 23 25 38 31 49 10 25 4 4 24 10 15 46 15 23 41 4 34 22 8 12 48 22 16 27 24 21 27 3 37 2 14 43
18 1 25 37 45 2 9 40 4 20 5 40 34 48 18 48 38 25 7 10 17 36 43 3 30 20 13 9 29 19 48 7 38 50 22 7 2 4 9 6 48 37 46 23 9 49 29 37 35 23
25 48 17 31 12 41 47 41 17 19 21 31 26 40 50 29 40 10 45 5 35 2 48 50 30 40 46 15 49 1 18 44 26 17 49 22 26 15 10 44 36 44 46 9 37 2 8 35 30 44
11 19 45 47 39 18 41 2 21 14 6 28 13 12 2 6 33 46 26 48 7 2 35 15 14 3 14 17 9 13 4 16 37 22 43 18 25 22 15 50 13 19 11 46 6 32 26 30 18 42
45 17 10 21 29 13 4 32 12 14 34 17 5 3 45 12 8 18 50 14 20 38 35 40 19 48 43 18 2 16 42 45 22 49 30 47 23 27 6 31 46 49 1 29 22 13 4 2 24 34
39 33 36 30 50 11 48 30 27 32 27 22 49 29 6 23 29 21 29 6 41 46 5 50 9 43 35 50 24 24 45 32 9 39 11 28 33 19 24 40 12 46 39 26 49 2 4 20 40 5
16 48 4 32 2 43 43 35 16 35 9 38 19 17 46 6 16 25 16 28 49 16 47 47 32 42 26 45 36 21 2 38 37 36 25 5 45 36 10 26 26 47 2 33 37 7 37 27 26 26
21 26 45 11 42 17 31 36 18 23 14 17 4 32 10 12 34 34 41 42 41 31 33 7 35 12 28 19 49 16 25 12 2 20 14 47 31 47 24 16 18 26 41 12 39 43 39 11 24 29
49 32 26 17 15 8 7 26 18 16 6 16 4 19 33 42 38 12 38 37 36 36 9 4 17 15 18 42 25 35 18 5 30 35 42 22 38 29 15 32 19 7 48 23 36 29 38 28 32 41
13 19 27 2 36 29 40 41 50 16 23 50 34 46 11 28 8 31 19 17 49 45 36 26 31 10 49 28 7 4 48 47 38 3 31 5 7 16 34 16 44 29 16 24 25 38 18 15 17 45
35 31 37 34 20 18 11 42 47 3 38 49 15 28 1 39 24 6 10 22 46 33 6 11 18 32 29 47 32 40 9 18 35 27 38 50 45 46 6 5 45 26 6 18 33 20 8 43 6 45
38 43 19 8 31 2 6 30 49 29 43 50 8 12 22 21 33 35 46 24 39 32 15 20 25 29 7 34 25 40 26 20 8 6 17 18 18 10 49 25 50 42 16 9 2 10 42 16 9 35
21 29 3 45 8 9 43 9 40 27 3 41 21 33 48 50 17 26 28 45 14 36 12 28 48 14 24 50 12 39 4 45 11 36 18 25 31 15 38 10 49 24 2 42 25 40 46 21 14 33
44 1 7 16 49 10 6 3 40 40 28 13 37 4 46 15 25 23 25 20 47 41 21 40 38 5 19 3 48 35 23 29 4 16 38 16 31 34 22 20 18 19 23 47 19 32 50 29 43 8
1 2 19 27 20 26 23 28 31 2 14 11 39 46 24 12 23 15 41 14 43 33 10 48 28 13 1 14 32 42 20 24 12 44 19 27 44 21 31 43 35 11 40 38 43 4 28 42 41 47
37 38 5 16 5 15 41 15 30 9 23 23 21 30 8 30 2 22 45 21 33 18 23 16 19 35 45 33 2 14 22 19 18 49 48 10 47 37 4 23 5 29 30 27 49 15 42 43 35 32
7 23 11 25 47 44 15 46 50 13 48 29 29 29 50 30 17 16 18 22 6 34 44 40 25 25 1 14 50 9 33 8 8 24 30 10 2 19 30 14 7 50 25 1 50 1 31 42 38 30
21 35 49 3 15 3 19 36 4 40 34 21 16 36 49 23 37 5 2 41 1 6 18 32 20 27 24 24 29 33 13 6 45 1 17 36 19 41 11 25 3 8 26 21 13 3 27 1 29 29
26 42 26 21 30 1 4 10 49 29 44 44 4 48 6 14 39 6 37 38 38 32 42 40 19 42 29 11 4 36 33 29 36 35 2 22 25 1 24 23 8 6 45 4 42 42 28 29 16 47
26 4 50 17 2 3 46 10 2 7 14 3 40 37 36 50 38 37 25 15 48 1 36 17 44 4 11 11 37 15 2 36 47 29 30 21 16 25 47 13 22 6 17 45 11 34 50 28 8 44
22 43 50 23 9 37 35 1 37 14 8 22 30 28 11 15 27 25 9 20 36 25 45 13 2 15 40 24 27 16 45 5 24 40 25 33 41 12 2 45 14 9 10 31 42 43 28 39 27 20
25 36 7 3 33 38 44 9 37 44 42 14 2 23 16 19 33 31 34 13 32 45 17 26 46 7 40 10 2 32 49 5 47 30 28 49 35 43 44 43 22 4 37 32 41 27 32 32 18 26
30 35 11 49 42 9 2 8 33 41 47 39 19 3 48 30 5 18 22 36 23 2 26 18 21 29 49 15 23 9 4 46 48 47 44 47 5 27 48 27 50 35 1 45 18 7 3 1 5 50
5 24 24 10 10 31 16 19 50 42 1 25 41 38 42 49 26 32 39 16 46 38 50 49 33 23 46 5 22 21 43 4 13 35 40 29 15 33 19 7 22 4 46 23 16 12 23 23 7 33
42 4 41 25 18 42 35 43 1 16 30 42 45 40 46 46 20 33 15 5 40 27 27 25 25 45 18 22 26 18 8 19 27 6 47 19 28 30 4 22 36 5 45 14 39 46 10 28 19 44
30 27 29 15 18 25 9 29 2 31 22 28 37 24 33 19 21 40 8 21 27 44 20 12 14 17 50 12 12 1 40 9 25 43 49 25 23 3 32 50 49 18 47 3 5 35 5 9 38 38
47 43 26 32 12 28 5 16 24 13 41 9 18 8 38 44 23 5 23 35 41 35 23 9 42 31 40 4 12 37 3 17 6 3 31 29 33 23 40 49 16 7 32 21 23 24 49 4 24 19
13 38 44 47 22 40 5 37 26 22 48 43 45 23 47 33 15 42 43 34 48 16 16 30 33 9 27 5 42 32 43 13 6 17 6 19 15 30 24 45 21 25 6 20 30 42 35 5 22 26
38 39 48 17 39 26 34 2 26 44 37 1 24 33 46 20 19 47 13 32 21 30 14 4 49 3 19 9 44 30 42 41 10 8 20 6 28 17 10 43 32 41 8 45 27 1 10 16 47 34
13 25 37 39 49 38 45 5 2 48 37 17 32 28 3 33 12 8 50 25 27 45 37 49 45 6 15 8 18 2 14 32 45 44 7 33 45 15 2 48 17 2 25 38 33 17 43 26 2 50
35 13 23 39 45 32 33 48 18 22 9 41 1 11 27 49 27 33 1 40 8 34 2 28 50 31 2 21 1 30 45 41 8 12 36 28 19 16 16 39 48 4 14 6 3 3 46 1 21 24
23 34 6 45 25 9 48 20 8 33 42 15 48 47 21 24 5 31 35 20 49 48 50 43 17 21 31 6 18 13 9 29 11 7 16 7 34 2 42 33 2 24 2 14 16 47 40 13 10 12
38 2 17 11 27 31 21 12 12 34 13 30 50 12 14 1 7 41 18 7 40 25 2 9 5 24 19 46 32 17 3 35 30 6 7 20 27 27 41 12 21 48 13 29 28 38 3 14 28 4
38 37 14 20 4 48 47 38 28 27 18 32 10 11 50 48 8 29 24 41 45 8 14 30 2 3 39 19 48 6 44 47 10 43 25 16 35 10 5 34 29 3 19 48 19 37 2 47 22 4
37 21 36 7 19 6 1 36 32 33 11 3 30 17 20 19 46 31 32 34 49 31 48 14 15 46 19 8 11 17 6 25 23 37 35 26 33 30 20 1 36 29 29 47 9 48 34 31 38 6
43 23 17 7 41 34 25 34 42 2 18 17 47 48 12 32 14 10 14 17 24 31 5 34 50 19 14 15 47 49 6 17 18 25 38 46 45 46 21 49 2 1 30 19 1 43 22 48 9 13
43 13 43 39 26 10 4 19 2 5 10 37 4 14 49 17 37 4 4 22 39 2 35 33 38 18 18 17 25 37 46 16 27 2 1 6 22 17 19 25 18 11 36 30 29 32 2 43 40 35
11 32 43 47 40 46 12 15 19 38 36 43 22 33 50 21 26 2 49 14 41 7 41 37 28 44 10 46 29 15 23 4 23 50 40 33 18 23 28 15 12 47 11 26 40 13 10 50 21 29
32 23 18 49 42 33 26 46 40 1 11 37 15 19 15 38 17 49 36 32 11 30 25 34 30 38 46 46 20 37 45 15 46 45 50 2 9 25 27 17 11 5 24 4 36 43 33 33 37 6
22 4 42 30 30 48 18 50 9 14 39 11 1 19 28 39 18 12 28 20 40 19 19 49 16 15 7 24 43 45 29 42 12 10 32 25 7 35 47 25 15 5 44 49 4 16 35 48 42 40
27 39 44 21 16 30 25 14 37 24 18 39 19 44 1 41 6 33 46 30 37 42 7 22 21 49 33 35 12 10 32 45 43 25 49 30 25 36 48 5 8 48 21 44 25 48 8 11 19 50
5 27 50 23 50 20 15 25 6 28 15 18 38 3 6 47 27 22 21 33 9 30 49 3 50 43 5 13 5 31 33 5 33 19 41 43 28 1 2 25 16 15 46 6 12 47 15 50 39 16
37 31 2 35 23 39 30 5 13 41 21 13 43 28 5 29 18 39 46 48 50 26 38 8 22 12 21 35 3 4 23 7 18 34 34 17 38 15 5 50 43 42 25 24 49 46 35 1 29 12
30 14 14 20 38 6 17 39 6 39 35 3 5 11 27 6 27 3 36 14 24 48 44 42 24 47 16 37 39 19 25 22 16 18 13 25 29 39 46 22 1 7 8 5 38 37 23 33 16 5
1 8 48 1 45 35 38 11 46 36 27 33 13 26 4 46 27 48 38 5 24 50 10 40 44 22 26 18 24 13 12 22 37 9 34 8 27 35 16 39 22 23 18 49 32 31 1 7 40 30
8 40 25 31 21 1 44 26 35 7 46 44 44 34 16 13 9 43 11 48 7 44 10 27 3 21 16 35 2 33 12 28 42 24 45 48 30 20 25 23 8 45 43 26 47 38 21 35 44 13
33 20 16 5 22 44 29 32 16 14 47 42 14 26 16 18 27 19 3 39 22 12 20 7 20 44 7 19 11 32 47 45 48 41 8 33 49 6 11 19 5 45 25 10 39 9 9 20 10 33
10 20 41 42 24 30 36 45 26 47 25 49 39 31 7 34 39 31 21 12 36 9 30 41 3 31 36 1 31 2 45 21 44 42 40 41 5 37 29 5 23 32 3 8 1 43 22 13 20 1
2 39 47 43 39 27 36 49 31 46 18 23 37 44 32 2 10 28 21 10 46 45 30 38 50 18 16 23 14 48 35 8 49 13 25 9 43 12 31 44 46 11 12 16 5 37 50 27 11 13
27 1 46 28 4 17 35 30 18 37 22 18 40 50 19 39 43 45 46 3 15 14 20 39 9 43 25 40 28 15 21 47 19 48 40 25 32 11 33 10 36 30 22 47 50 49 11 19 34 17
1 28 19 20 19 5 15 32 29 50 10 44 22 48 4 7 17 14 49 46 8 45 32 34 12 35 27 20 41 41 7 41 12 4 1 36 27 49 38 15 44 2 36 8 17 8 12 11 4 26
9 45 22 15 38 16 44 42 41 1 42 49 2 15 37 11 37 28 36 11 33 45 41 40 47 50 19 39 14 32 35 7 14 5 49 35 16 29 22 11 10 44 30 5 49 11 20 35 50 48
22 12 14 34 39 13 9 25 30 35 16 38 17 1 5 47 17 20 37 43 35 43 39 7 11 23 41 24 34 49 22 22 17 23 1 32 1 45 41 12 47 1 1 12 1 41 49 27 23 27
18 19 36 32 50 22 24 27 24 18 35 31 2 8 39 20 14 17 38 6 40 44 1 14 19 29 19 50 24 22 13 28 33 42 33 2 44 8 30 18 41 6 3 15 18 16 4 13 47 45
17 47 1 31 28 48 36 43 39 14 12 27 47 31 39 18 27 50 13 35 25 31 30 12 26 21 6 49 27 4 6 10 39 8 24 34 40 41 35 27 44 40 9 40 29 23 11 47 17 17
43 6 46 31 2 13 26 4 14 9 47 25 23 50 9 36 40 27 11 20 50 19 41 17 27 8 24 21 36 9 31 41 16 46 32 19 31 36 28 14 37 48 42 44 44 26 38 36 43 32
35 18 20 50 47 49 25 42 32 42 20 44 2 50 36 34 11 2 18 4 35 21 36 47 11 26 5 46 5 41 38 29 16 6 25 35 48 50 31 36 26 41 31 10 4 6 13 40 45 3
23 19 39 39 3 36 9 44 31 38 40 7 36 19 1 12 23 6 10 44 25 40 46 35 24 28 16 11 44 2 32 37 28 48 35 44 31 31 46 25 8 4 1 23 21 24 47 22 4 29
32 47 46 2 25 42 26 48 18 26 21 17 7 13 16 11 31 33 13 43 5 22 47 46 25 3 21 32 39 27 47 18 35 30 31 15 5 32 42 28 6 35 2 19 44 20 8 6 36 40
17 39 12 23 21 40 31 12 3 32 47 17 31 33 26 1 22 44 12 25 6 22 17 29 1 33 6 14 1 7 47 18 33 8 27 27 46 46 10 21 34 33 18 35 18 7 42 45 49 42
11 16 2 50 18 27 27 42 12 1 46 41 13 23 1 16 16 28 39 44 22 33 39 25 27 8 4 29 19 42 13 12 2 23 8 42 29 22 6 19 11 8 11 26 11 18 4 27 50 26
20 22 49 8 24 5 8 14 15 26 47 12 13 10 45 16 21 44 25 17 14 10 35 29 44 17 40 7 33 38 34 16 21 11 8 47 47 40 41 27 27 44 24 32 33 27 35 8 50 1
43 19 2 14 8 35 48 43 43 21 10 9 17 3 28 25 24 14 12 34 18 30 4 26 30 35 44 15 27 38 1 13 3 9 12 29 24 3 46 28 33 5 18 11 38 1 48 4 46 45
28 23 39 28 43 16 11 10 3 41 2 20 23 21 9 40 37 9 13 25 17 29 7 3 42 36 40 10 43 18 13 8 41 4 25 39 18 19 9 27 2 17 47 41 23 46 37 32 47 43
36 38 37 20 31 19 25 12 32 45 39 8 45 21 33 4 30 3 13 22 36 40 28 1 2 11 3 38 38 36 1 29 41 1 35 11 16 28 20 21 14 23 17 39 21 6 24 10 30 49
20 3 6 7 32 19 7 22 26 43 10 28 12 9 18 34 21 25 31 7 35 33 25 5 17 9 29 5 10 34 3 32 41 41 35 5 20 44 44 11 26 19 18 12 27 21 29 1 23 40
5 27 19 1 35 16 29 7 1 35 33 5 41 10 20 35 35 25 10 29 21 1 20 33 44 47 39 14 20 49 22 30 32 35 17 48 46 15 26 31 27 11 43 25 22 17 25 1 45 33
26 43 5 26 19 23 48 49 36 30 14 43 48 36 7 41 39 23 13 19 24 49 35 25 35 37 35 32 8 20 35 34 42 5 49 23 16 7 16 41 34 6 23 34 20 26 13 25 13 32
