80 80
1 1 1 1 2 1 3 3 1 1 2 1 3 1 2 1 0 0 1 0 0 2 2 3 2 0 0 1 1 1 0 1 0 0 1 3 0 4 0 0 0 0 0 2 0 1 0 1 1 0 1 1 1 0 0 2 0 0 1 0 2 0 1 0 1 1 0 1 0 0 0 5 2 1 1 0 2 2 3 0
73 15 72 45 19 79 49 10 46 39 7 33 29 20 23 18 65 69 40 67 24 55 43 30 74 59 71 32 53 70 56 77 25 68 80 17 9 42 57 47 64 61 4 38 34 76 62 13 12 5 78 3 22 2 50 27 41 44 37 60 58 1 36 31 14 11 16 35 8 75 66 26 63 54 51 28 21 6 52 48
373 461 317 468 319 15 82 39 191 356 488 95 285 183 489 405 396 436 428 294 126 104 235 169 451 147 166 205 496 331 306 152 463 224 91 418 475 248 1 36 406 229 282 272 10 47 97 85 295 238 368 53 16 106 487 393 384 386 388 116 215 480 345 84 409 128 90 450 165 327 132 55 35 43 438 177 422 143 138 469
36 50 221 82 295 133 419 184 262 129 188 488 422 110 359 423 242 145 83 343 4 8 362 279 199 71 213 457 152 426 253 249 420 252 430 485 353 489 219 410 409 139 84 183 93 157 383 483 301 161 393 56 41 404 288 122 418 268 290 325 284 214 224 344 386 103 225 243 442 441 66 72 222 317 407 24 231 429 349 223
207 97 478 96 291 415 105 167 169 66 351 298 371 482 303 11 440 46 218 383 449 251 223 34 388 62 52 213 226 464 54 152 253 131 164 225 198 282 130 238 44 212 456 446 148 115 471 137 343 30 188 42 256 127 159 125 240 290 27 57 33 474 132 170 129 345 179 202 301 302 460 102 379 176 401 144 28 340 392 99
469 298 109 188 467 441 359 376 455 144 175 360 334 362 286 444 309 414 333 468 225 117 342 369 463 101 453 306 242 247 97 152 214 443 3 257 14 492 209 329 166 445 450 243 176 160 404 206 195 126 267 406 57 389 499 314 11 256 278 219 493 145 60 37 289 253 6 428 266 301 148 56 416 456 189 184 287 64 390 103
374 11 18 33 198 133 50 83 321 487 429 124 356 376 410 130 108 115 393 245 388 295 442 309 275 155 301 428 15 397 45 213 53 103 385 72 46 104 69 283 422 216 243 350 28 288 249 82 143 134 91 180 111 84 478 169 392 225 493 260 332 139 206 47 377 144 168 87 219 347 363 423 30 96 396 441 85 407 339 255
6 216 230 403 63 264 113 493 258 115 40 437 323 479 244 259 466 152 329 225 136 16 220 99 198 484 441 363 421 248 349 145 4 284 83 372 170 286 118 436 22 446 130 434 35 72 311 174 147 41 103 235 321 300 39 166 84 453 345 489 119 373 67 496 497 483 144 98 223 127 137 418 412 116 205 133 193 460 343 402
453 171 362 478 377 184 133 108 83 170 300 34 402 484 310 47 198 297 116 490 91 283 79 318 43 95 29 124 447 19 357 414 35 372 496 87 423 346 243 370 81 118 214 343 138 216 293 103 274 466 265 435 24 99 431 217 494 404 232 206 336 134 251 115 59 407 132 96 332 7 457 422 326 237 201 462 228 270 472 443
58 248 409 360 468 124 250 245 307 198 279 89 464 347 150 455 95 195 25 21 273 88 339 302 308 447 363 234 120 408 275 73 440 272 171 460 380 112 239 336 91 262 161 39 270 199 305 485 419 489 110 215 338 145 139 213 445 370 169 242 454 383 299 266 154 75 42 258 271 493 144 106 35 304 225 450 64 37 278 50
455 237 223 312 141 134 402 209 45 34 359 319 475 266 262 474 259 328 152 400 367 499 150 404 405 230 1 268 170 81 442 27 210 12 323 159 457 334 307 397 10 161 344 182 233 46 246 139 240 80 189 471 33 317 395 441 291 490 32 407 151 278 185 281 272 370 74 466 239 126 181 26 97 360 247 267 73 445 350 96
393 485 344 189 265 341 83 313 494 118 271 114 408 76 371 27 304 376 277 164 250 330 100 236 461 386 172 275 44 135 391 363 289 403 347 18 150 120 326 308 29 211 392 196 279 251 94 122 134 414 7 419 423 101 91 434 181 300 65 223 3 309 221 92 252 108 316 302 367 298 36 467 437 466 456 267 147 287 72 358
287 477 179 463 492 121 137 465 195 11 10 309 162 386 251 411 69 425 363 252 82 274 467 319 167 344 283 3 190 234 377 239 365 353 39 89 341 16 130 310 482 38 499 446 142 327 428 50 271 395 96 444 260 214 402 297 1 100 412 354 250 442 305 202 289 452 454 56 462 356 285 112 37 399 259 139 469 364 486 317
463 280 195 10 228 325 396 114 74 337 194 411 9 290 211 110 497 244 366 426 174 82 437 77 117 447 151 316 296 465 33 326 26 171 459 167 478 199 483 102 404 67 100 354 491 263 79 344 34 469 70 52 395 322 314 65 273 256 335 150 143 299 12 8 71 44 308 72 363 46 410 85 169 406 457 28 242 279 367 27
78 485 149 151 318 188 488 22 258 304 432 433 42 287 444 242 299 353 209 361 152 232 439 49 160 46 319 411 128 446 100 19 24 240 127 122 386 376 26 426 80 146 359 23 168 55 20 373 91 460 112 176 210 143 311 124 367 137 182 88 349 106 489 231 94 451 211 132 423 203 253 175 407 388 478 252 329 107 183 245
52 183 405 97 40 415 376 7 128 414 190 70 274 246 450 88 197 481 354 213 195 91 262 276 108 176 115 214 317 141 449 64 475 327 177 263 489 273 132 15 315 22 196 452 418 43 421 425 462 461 93 463 236 73 172 216 61 225 485 444 296 242 406 24 407 448 319 78 189 374 10 306 488 237 433 199 432 174 248 48
187 427 496 285 457 329 42 325 25 373 24 158 165 44 89 156 110 425 101 91 465 116 107 203 358 195 456 387 248 447 147 119 273 267 182 149 163 4 480 337 483 308 176 183 316 335 178 162 388 332 283 71 160 385 333 2 84 378 494 460 461 150 402 369 431 292 330 263 68 140 246 304 274 498 26 142 159 99 318 37
73 181 381 321 320 3 318 392 55 307 78 9 194 250 35 314 236 53 251 266 309 65 19 443 30 106 158 18 88 414 37 240 485 405 110 39 93 152 435 131 187 244 300 379 13 356 276 71 153 184 387 202 339 330 497 42 294 173 211 14 163 60 204 347 130 478 429 255 378 445 432 333 94 372 383 271 128 282 196 68
373 173 174 158 126 171 478 274 197 27 343 25 349 443 383 46 308 494 260 374 33 45 221 236 493 90 16 108 124 206 436 213 168 336 289 469 487 407 398 10 110 356 48 95 369 426 241 144 455 116 262 230 220 431 392 196 228 393 359 279 322 29 61 240 280 256 305 376 232 410 385 499 89 400 311 194 79 1 40 314
229 261 41 1 217 34 474 476 140 378 411 311 62 284 214 188 7 12 205 128 88 23 117 301 328 260 408 107 460 407 270 430 22 257 489 434 369 320 410 494 174 298 342 113 455 223 400 47 55 439 200 451 39 354 100 488 46 422 199 275 177 72 29 263 195 119 299 437 418 497 53 371 198 24 105 239 96 69 110 472
366 220 248 374 52 286 484 68 40 277 157 280 491 313 262 150 492 72 430 273 165 195 162 468 320 294 253 242 337 218 463 130 440 109 133 349 100 102 56 90 216 282 437 352 327 181 419 339 25 136 62 16 21 50 264 445 180 326 145 73 464 215 24 148 460 118 232 328 92 191 233 452 498 224 207 201 249 495 402 299
382 163 233 175 66 37 240 160 12 87 304 447 140 495 307 137 438 296 244 132 261 445 77 144 289 341 195 129 107 196 169 412 315 423 466 47 113 80 230 257 118 358 106 156 117 473 408 420 206 214 63 290 403 172 51 223 491 27 181 349 56 302 270 377 292 34 288 149 498 45 273 348 474 95 82 234 339 70 488 494
302 242 1 195 209 415 67 146 354 484 256 5 444 499 200 29 488 400 223 321 496 312 323 136 229 144 173 423 60 345 294 211 287 161 81 334 84 156 206 348 198 181 22 494 232 109 92 36 465 429 116 358 147 469 127 167 254 64 148 194 139 352 318 52 11 96 164 438 455 364 481 260 329 158 456 447 252 392 202 228
188 321 403 269 451 103 435 488 329 37 426 378 214 237 469 8 336 314 221 401 236 6 201 179 383 124 423 45 101 31 404 298 415 119 391 457 437 294 154 427 380 363 46 284 186 42 431 354 332 183 10 374 14 38 265 141 225 54 276 328 98 441 218 474 232 470 166 283 399 475 305 454 195 127 433 443 376 412 345 456
303 431 61 1 26 294 182 228 236 305 42 112 340 62 295 60 494 343 124 423 451 272 281 402 373 444 223 283 499 122 456 467 270 56 180 326 345 237 265 66 111 119 65 447 399 379 495 166 153 394 445 319 200 472 171 353 113 170 48 129 176 490 98 32 158 215 188 397 352 22 55 160 120 292 72 332 131 372 261 249
203 181 150 90 334 486 164 232 373 82 180 295 83 374 81 283 326 392 246 7 158 18 378 446 362 1 208 363 288 290 415 30 121 190 153 443 432 282 322 126 227 77 234 133 245 109 271 483 489 475 154 270 163 78 453 348 107 31 224 66 354 417 335 462 281 478 490 426 176 134 236 43 493 10 172 260 381 143 365 50
56 152 273 267 63 85 153 308 491 397 419 258 284 206 487 343 72 395 147 195 205 338 351 232 323 230 175 450 333 417 281 137 359 422 154 497 459 202 1 136 212 332 336 339 169 10 366 181 219 389 350 77 341 20 412 163 263 376 201 265 409 184 51 445 203 129 221 287 68 231 103 157 237 288 172 493 321 50 291 374
306 11 488 144 245 59 332 342 108 193 2 113 305 122 173 391 52 435 220 93 85 84 127 208 22 88 479 452 319 292 291 194 263 301 353 288 141 68 337 468 303 109 153 494 377 327 149 375 451 374 461 35 240 178 118 249 256 359 132 459 27 131 448 251 399 383 76 192 358 179 286 142 65 201 368 258 315 82 483 190
323 250 284 330 264 411 308 126 311 85 161 494 224 99 65 376 362 83 318 253 256 124 356 26 433 131 23 351 342 144 479 381 440 277 97 191 113 8 471 498 345 44 460 150 365 17 237 475 406 428 322 304 163 454 313 143 448 248 445 275 446 263 21 105 294 241 162 424 239 439 145 418 168 420 173 461 52 325 77 392
14 450 71 367 12 372 437 178 490 41 69 461 316 201 252 11 144 344 351 146 493 423 307 202 29 400 130 312 299 355 192 484 265 124 283 77 209 298 138 156 305 371 213 375 251 349 491 288 94 257 102 166 101 198 182 297 269 131 317 228 376 47 314 19 221 243 384 435 237 207 59 197 191 497 302 387 250 392 412 332
56 16 264 497 456 485 232 194 273 396 387 486 100 452 419 410 156 389 276 59 46 10 304 309 24 152 201 54 367 259 260 448 200 128 20 400 91 151 162 34 40 62 18 348 441 145 487 131 478 81 36 60 205 424 119 84 166 293 23 256 499 279 175 341 386 207 317 360 434 115 237 488 149 86 70 110 475 489 408 479
80 131 366 134 35 407 462 31 364 57 74 140 302 38 71 173 246 382 312 67 216 259 278 10 304 490 346 410 90 305 222 315 214 11 32 368 43 240 386 387 389 116 107 122 180 197 281 426 47 311 422 447 8 12 5 97 319 316 416 475 7 491 425 271 89 243 130 21 105 94 249 378 148 370 303 191 37 142 414 63
396 275 148 3 389 475 100 170 205 272 143 307 424 142 239 245 15 388 54 200 380 335 268 329 292 209 375 253 419 204 22 93 456 460 317 271 420 36 229 76 481 480 291 79 154 70 178 208 316 138 487 182 276 266 181 492 295 428 376 458 180 85 364 10 144 213 219 115 448 489 53 386 28 57 45 173 423 495 185 187
403 425 129 70 246 11 126 265 214 424 33 471 339 330 470 1 216 63 188 176 54 426 120 148 219 39 447 234 143 285 279 353 57 170 200 475 67 302 226 433 278 314 390 122 316 264 389 301 352 177 250 326 333 416 55 245 36 372 469 41 453 402 284 43 102 467 406 206 259 241 498 31 405 262 52 361 248 183 271 430
293 201 480 129 127 112 416 330 363 158 101 458 96 133 107 228 304 379 327 371 392 144 272 307 274 301 426 482 120 40 143 237 232 8 103 154 454 83 224 428 179 16 409 260 449 340 331 5 378 248 360 65 303 490 283 100 498 455 495 192 135 387 132 116 203 258 183 343 231 469 238 463 126 422 356 492 408 402 134 109
480 226 344 147 97 210 41 335 288 399 456 185 145 406 323 483 200 183 177 257 290 178 152 388 467 390 72 60 451 167 491 380 317 367 338 61 246 407 268 88 201 359 78 346 85 150 446 384 107 211 313 364 375 158 433 79 156 394 207 282 197 33 71 233 248 471 132 4 125 216 42 376 220 440 118 297 196 203 362 374
433 397 84 157 164 282 57 384 290 375 324 299 351 304 392 400 150 475 432 407 256 154 153 345 184 26 98 419 434 316 71 18 158 79 121 441 253 6 28 310 235 490 473 94 370 330 266 381 99 229 417 53 344 47 199 482 137 368 362 301 185 373 251 311 404 107 313 359 238 25 459 293 232 125 38 416 444 151 314 102
55 409 269 316 433 326 376 339 492 24 286 494 403 452 1 199 17 59 387 50 356 43 278 377 411 71 138 329 246 438 38 446 194 299 144 354 284 176 451 369 432 391 258 32 276 444 141 78 398 190 291 288 40 174 355 413 344 280 130 143 305 388 14 169 118 88 209 322 393 353 302 312 65 181 235 375 231 460 349 370
410 98 208 420 447 391 96 102 288 226 105 460 127 467 453 217 220 20 228 499 85 255 412 186 360 303 38 365 120 325 424 406 357 373 216 332 56 441 157 48 133 294 340 475 292 495 99 174 327 278 147 170 47 403 61 9 260 433 333 23 318 92 301 32 162 438 316 59 331 382 143 201 138 214 229 24 224 388 290 486
293 333 69 96 123 127 263 113 154 223 321 124 128 151 488 243 146 403 418 209 219 320 434 365 359 197 254 338 456 93 276 476 133 464 395 103 166 265 355 289 457 331 301 87 161 88 339 498 316 91 208 432 422 153 32 159 315 324 347 195 297 346 120 212 358 328 412 260 385 184 9 402 383 350 294 224 419 207 121 352
293 98 259 481 242 100 411 45 92 430 15 155 89 129 409 235 186 132 118 144 185 75 14 176 353 181 20 390 87 115 439 402 71 166 4 253 407 354 114 77 22 452 337 190 306 220 451 86 133 410 40 154 69 382 120 156 26 180 332 212 245 174 168 231 480 482 352 364 355 117 141 417 260 246 389 182 491 256 294 30
215 32 186 168 303 74 314 424 43 334 272 357 496 263 213 192 296 419 180 46 31 142 361 25 352 159 200 317 282 434 5 456 366 78 403 177 475 105 210 386 207 362 478 316 266 397 156 191 182 420 243 79 254 477 444 365 289 283 102 265 193 338 306 435 244 60 291 460 234 206 155 442 223 198 228 42 288 66 483 85
63 265 316 296 328 116 367 79 343 380 315 415 492 203 363 498 128 209 223 341 162 397 65 497 139 277 349 347 429 418 419 264 110 33 320 182 297 286 73 119 113 238 5 338 258 86 237 109 447 74 454 122 279 230 354 411 413 25 329 30 244 440 98 11 197 295 426 214 117 207 357 384 260 142 408 100 84 466 91 215
71 336 102 419 128 471 135 375 472 273 58 409 495 279 284 116 69 240 337 95 83 17 377 113 288 477 220 386 431 494 295 352 184 229 439 246 287 454 85 301 433 114 455 2 18 4 399 384 9 198 138 148 23 125 48 316 459 496 367 46 296 140 268 40 107 230 264 110 146 152 473 73 282 99 430 39 80 492 136 57
71 388 444 309 171 448 118 420 396 53 284 16 66 321 110 144 33 149 133 89 415 220 257 430 339 449 276 465 351 166 422 63 172 305 87 454 429 163 236 242 112 363 423 46 58 136 441 470 319 326 225 409 258 443 86 214 1 482 332 122 376 36 468 243 288 386 315 292 229 47 367 56 10 182 184 126 467 277 493 267
472 388 119 447 49 337 297 462 48 438 203 223 185 287 320 349 191 369 214 265 473 248 187 419 374 458 78 86 300 290 105 404 193 489 280 449 101 226 63 85 439 31 467 243 14 340 410 452 308 116 478 282 149 261 494 264 323 40 366 418 276 112 495 235 354 474 436 62 136 164 161 158 84 9 446 154 21 481 259 372
7 110 37 369 483 419 393 150 246 222 497 304 12 54 149 114 405 351 219 174 291 487 379 63 358 201 195 269 359 396 323 458 493 434 181 305 161 364 354 154 30 426 436 47 320 237 391 151 140 413 3 494 488 212 8 231 455 55 332 240 464 97 406 5 71 442 218 264 69 390 243 476 59 15 156 362 286 258 454 289
18 211 440 290 93 112 321 432 30 151 436 140 270 358 129 216 178 48 341 266 88 12 39 5 364 6 168 92 119 158 410 74 413 403 424 498 453 41 360 176 220 357 404 137 294 50 458 124 63 109 244 17 365 476 327 326 359 491 101 373 429 459 485 102 292 313 405 283 242 489 90 177 297 198 496 97 180 393 271 21
227 428 197 442 405 380 23 202 80 251 201 12 360 454 495 330 137 474 305 243 286 130 140 493 175 76 247 470 295 37 382 335 1 22 18 329 229 35 10 49 424 162 472 340 29 24 220 133 376 374 303 268 7 51 410 179 486 82 108 96 497 109 352 103 379 377 57 122 152 277 406 487 381 146 132 484 336 38 61 237
281 123 440 465 101 439 313 410 460 369 72 397 264 160 409 373 357 65 336 189 42 499 390 185 299 307 317 329 207 238 3 47 384 250 45 267 314 423 211 190 274 256 431 55 255 100 437 235 106 67 119 287 315 322 422 378 340 476 98 15 44 170 162 487 223 392 257 489 451 374 326 491 51 61 35 230 33 453 401 435
318 33 217 385 112 351 442 450 364 152 381 326 144 243 103 440 339 68 306 343 407 229 210 449 434 347 400 150 167 231 282 435 390 83 96 196 292 355 433 130 309 320 465 52 163 378 176 215 85 458 374 175 497 495 286 105 182 45 255 50 171 250 77 27 58 21 133 356 259 139 430 242 325 360 375 129 136 397 277 122
442 133 240 163 424 345 49 261 50 80 85 35 181 438 304 43 384 54 103 495 177 494 453 256 38 117 160 243 293 355 333 433 156 183 76 71 359 348 241 95 427 170 104 18 477 418 194 34 28 6 350 169 272 37 41 441 458 268 153 317 371 124 297 154 364 44 284 485 145 302 315 65 19 279 185 99 474 499 255 17
77 30 47 194 111 191 114 329 7 478 149 336 219 9 327 218 232 230 99 236 90 412 442 496 269 4 443 290 56 78 345 176 328 361 121 262 267 49 401 3 65 366 160 245 206 465 485 148 105 349 225 193 259 462 495 2 476 178 127 486 182 207 263 497 126 357 255 460 266 214 96 166 143 275 106 374 282 159 498 200
486 145 150 75 93 167 363 320 405 381 142 250 162 84 103 96 138 277 6 483 285 441 157 181 139 326 423 311 450 437 352 51 203 415 90 218 373 129 480 41 380 324 224 360 379 182 230 176 359 42 202 340 33 37 105 292 339 206 94 427 371 461 23 112 426 148 282 402 222 14 270 22 2 239 43 368 104 62 155 429
406 261 385 115 364 64 6 358 341 308 54 68 489 180 244 266 5 377 254 130 468 95 31 22 264 256 317 416 197 32 414 271 235 251 339 343 33 390 150 121 118 391 330 326 323 76 124 255 368 193 433 288 20 276 202 302 352 346 161 412 488 336 374 154 459 409 27 148 109 454 114 321 228 446 366 42 440 144 91 350
262 1 491 203 322 423 417 399 268 283 153 278 461 4 157 34 20 274 102 261 338 295 168 433 462 232 123 263 377 200 84 367 121 171 154 87 387 103 372 411 383 416 196 240 254 19 490 337 450 173 478 198 14 43 288 25 50 33 5 158 16 192 270 63 132 243 346 67 376 59 446 324 52 214 9 39 380 133 452 113
307 271 247 410 80 134 131 484 353 203 333 332 38 173 475 98 335 167 68 197 238 327 130 287 180 123 104 485 339 461 190 268 465 488 262 109 301 22 487 17 264 223 127 433 444 494 185 251 117 338 184 39 8 75 85 321 308 210 108 92 456 62 44 296 329 348 63 78 220 129 152 52 162 452 34 126 147 161 292 325
441 116 305 70 193 166 183 392 170 242 30 80 491 405 223 95 444 377 465 421 306 484 219 333 202 89 155 234 413 84 307 37 104 97 171 482 468 364 55 153 64 429 138 394 348 327 495 248 313 282 167 311 385 74 387 149 393 390 189 320 132 249 291 52 214 469 401 352 399 27 162 47 239 213 297 381 490 338 270 143
250 52 12 280 58 429 39 62 306 441 19 439 235 170 71 75 311 447 102 261 156 128 234 183 14 305 315 363 198 169 423 168 450 420 50 276 113 96 176 155 57 20 60 389 293 400 44 107 87 1 134 360 483 316 153 367 302 434 286 486 393 424 411 139 422 10 401 195 42 230 349 28 221 386 402 45 384 103 464 391
331 94 489 16 153 177 301 199 105 422 326 63 446 398 218 203 249 64 360 61 144 414 307 166 71 221 6 18 56 280 122 455 103 471 185 178 328 304 393 378 333 88 81 293 430 496 60 162 468 197 32 321 340 99 242 318 381 481 239 491 186 131 117 435 355 288 349 124 394 181 107 27 335 399 234 97 256 217 180 49
233 256 202 9 478 30 55 467 5 39 240 477 334 355 427 357 79 201 316 69 251 173 317 358 20 309 134 348 443 392 119 411 75 300 409 53 403 476 77 74 448 13 38 405 379 54 121 455 280 155 129 396 445 142 95 210 8 184 25 471 94 128 332 297 438 362 296 34 456 168 135 208 246 161 484 389 349 281 470 333
250 401 151 498 243 216 247 147 146 82 410 375 5 49 248 388 409 28 201 25 170 408 309 338 206 69 192 205 226 423 350 47 14 95 497 273 122 77 279 283 405 365 489 318 403 67 459 307 326 486 399 339 6 433 439 200 135 123 469 215 264 40 499 80 402 373 148 199 92 57 87 75 436 33 54 494 286 129 278 340
137 449 94 239 87 104 368 192 160 142 422 99 370 332 333 187 232 150 14 317 459 46 136 108 182 314 316 175 361 478 214 203 11 250 172 241 211 212 154 204 345 125 128 249 240 229 20 246 305 334 265 266 291 466 355 284 98 19 392 18 271 44 439 352 252 363 183 337 403 448 285 254 230 325 56 2 109 231 452 81
228 463 367 379 288 312 496 229 302 370 381 194 65 19 94 158 270 486 182 412 468 415 351 452 343 328 398 309 272 109 259 225 408 247 243 471 487 246 161 355 93 51 489 142 497 407 283 429 209 281 216 336 467 1 18 148 107 477 8 424 140 437 239 278 410 287 84 419 76 465 190 69 274 285 293 100 104 286 171 133
36 368 202 433 414 238 494 207 48 97 28 355 51 182 197 216 499 228 475 174 208 296 245 10 9 110 111 410 22 130 287 482 373 336 107 303 258 327 172 356 360 115 375 454 420 274 443 418 399 466 254 4 152 295 391 210 393 121 150 369 340 302 498 349 436 183 299 73 44 6 88 405 472 290 239 11 438 96 263 397
88 43 195 221 433 430 449 1 188 369 163 376 470 252 437 325 124 237 493 375 254 109 462 146 112 311 270 168 155 31 287 385 332 436 122 362 93 317 314 250 312 457 42 53 308 256 263 30 101 125 355 184 81 406 107 455 486 338 164 143 439 179 496 482 85 281 302 326 260 187 483 403 258 358 25 91 291 366 407 413
28 79 309 268 466 480 283 87 448 439 318 319 460 287 351 299 172 218 214 186 113 134 427 4 139 22 144 409 259 99 472 473 482 111 227 474 316 166 222 361 115 44 3 6 477 431 375 400 339 293 161 414 277 295 128 64 406 100 67 193 103 255 191 204 162 84 21 311 362 157 370 413 248 61 453 202 390 121 212 364
171 419 164 19 342 206 379 65 433 275 216 84 462 50 389 166 333 249 48 401 429 153 490 373 21 287 159 122 53 4 465 70 75 118 356 316 99 470 33 180 71 388 447 497 45 32 238 375 87 54 76 102 396 278 265 44 227 27 213 430 155 410 154 104 476 479 34 60 29 218 210 264 381 279 20 125 188 492 107 371
84 376 154 403 373 404 140 366 258 378 490 213 56 86 434 481 346 199 289 207 13 193 195 266 216 12 368 17 446 413 441 401 215 395 276 2 478 69 158 204 115 445 232 348 39 174 324 220 252 329 271 448 107 47 31 182 92 268 10 457 282 16 87 131 427 334 463 151 184 287 361 132 487 302 301 173 440 22 267 447
388 351 45 302 109 216 74 131 106 147 352 50 53 294 268 395 338 67 397 127 303 110 129 269 58 204 390 14 422 312 246 149 194 396 234 366 89 30 185 313 184 171 399 247 459 201 364 360 391 461 177 362 402 278 332 9 272 32 301 404 64 356 326 39 77 114 137 467 273 123 499 257 154 305 466 493 264 33 146 311
332 439 380 443 73 280 322 304 315 81 350 295 353 356 256 23 413 197 114 222 105 46 59 347 318 198 287 266 117 236 194 120 358 342 98 485 290 90 404 142 211 159 478 15 341 1 323 150 237 162 32 253 234 271 213 462 238 57 45 294 210 14 165 202 262 393 320 329 51 425 282 85 47 493 437 244 147 122 231 442
303 250 346 7 21 113 37 236 261 3 170 415 82 369 275 318 356 321 364 489 449 46 139 258 473 302 144 360 112 14 468 240 391 273 176 50 64 201 49 288 286 52 243 323 320 403 383 172 269 456 217 182 224 100 412 109 340 490 335 183 475 290 180 332 53 190 116 38 239 253 71 84 385 429 367 297 355 127 279 272
321 25 302 6 236 68 100 403 76 301 253 470 448 487 331 340 398 276 464 95 283 212 280 406 38 131 269 429 151 132 172 139 219 446 333 413 347 48 420 181 93 430 235 375 445 202 185 372 96 42 23 29 54 218 37 220 155 125 281 326 376 24 162 189 295 463 352 493 123 247 396 11 86 61 485 343 238 211 401 234
79 98 436 194 149 230 44 396 411 280 459 284 289 266 7 210 250 53 137 65 63 256 283 90 172 357 423 482 138 125 375 114 488 43 307 67 237 135 403 242 32 384 143 247 185 300 445 72 73 317 391 338 467 33 345 400 77 420 351 151 22 239 498 18 64 251 221 293 295 255 296 49 102 130 470 253 340 306 494 460
361 78 79 29 154 27 61 180 238 227 284 127 377 67 115 39 282 460 339 1 214 183 203 144 488 245 89 499 34 175 321 408 354 395 129 480 2 229 153 135 36 379 218 467 234 192 371 322 297 109 257 162 49 8 19 124 405 50 369 411 401 287 46 368 410 69 25 346 457 4 428 446 381 198 150 465 311 66 45 384
467 301 478 116 158 466 161 316 45 206 123 194 456 404 329 19 393 270 223 267 377 150 405 94 373 386 136 276 241 205 369 328 12 96 455 125 425 79 175 36 106 332 10 492 387 74 104 2 494 173 264 449 157 188 441 464 351 315 383 224 32 399 65 179 291 468 453 3 454 336 46 286 70 128 4 349 17 236 415 37
461 246 254 436 266 52 491 355 433 213 287 247 110 303 387 409 35 466 233 279 214 258 412 274 297 410 75 312 174 415 155 185 90 154 478 493 267 431 239 125 374 428 53 398 248 142 318 295 338 130 70 376 108 217 264 380 257 388 319 288 357 407 173 333 230 14 171 395 39 89 63 71 448 45 278 145 134 1 344 69
395 412 374 394 406 269 459 441 237 46 35 424 171 493 422 407 239 64 274 111 68 121 105 377 379 284 145 188 495 483 349 405 312 91 461 117 314 8 426 477 436 260 77 499 127 212 413 61 257 238 130 419 123 92 192 195 110 307 263 143 293 232 382 21 360 170 227 365 73 250 445 339 33 140 131 455 342 397 166 207
15 476 180 373 187 454 194 434 345 470 279 334 41 5 401 162 405 267 132 335 117 473 60 407 458 363 186 76 55 290 234 6 42 40 402 204 359 418 385 244 484 169 312 183 95 184 370 395 189 104 272 221 485 462 75 211 164 444 92 442 13 172 197 21 248 291 11 210 63 3 406 150 315 196 408 257 119 392 32 47
29 160 409 487 32 239 195 463 203 346 1 114 136 71 303 222 221 271 34 207 245 127 132 328 395 421 321 8 398 91 332 24 217 381 241 96 177 93 223 314 218 53 190 383 443 456 101 405 404 349 269 188 337 494 288 457 76 497 296 79 55 445 389 444 442 146 208 297 112 327 18 240 210 216 258 275 351 125 189 167
269 141 128 472 383 147 110 369 31 258 334 288 69 175 185 397 325 196 94 41 443 8 238 366 373 281 152 352 313 129 136 409 222 287 71 448 456 407 465 61 83 349 455 239 360 224 248 469 116 370 482 44 145 467 416 212 101 80 130 415 343 322 84 490 156 331 247 42 300 138 228 202 278 165 243 350 372 274 143 98
211 38 474 429 43 361 468 56 435 76 4 415 353 412 163 126 330 91 366 36 289 180 493 375 139 111 346 385 377 124 259 175 374 410 88 299 293 251 472 129 491 368 405 25 316 57 350 477 476 244 443 182 136 404 300 402 273 422 298 28 240 21 496 255 105 151 441 256 331 181 192 127 387 453 202 456 80 97 85 270
12 49 45 14 15 9 22 48 13 27 12 7 20 22 25 23 5 29 11 39 14 23 14 32 48 50 48 5 7 15 36 10 6 34 9 28 46 23 3 38 16 11 30 22 10 10 20 11 30 11 20 44 46 28 6 35 32 14 2 27 26 31 14 22 25 16 40 13 4 10 2 16 2 19 43 25 33 19 37 41
24 3 30 8 32 17 40 50 45 22 1 32 26 8 37 33 42 39 24 6 28 28 44 26 48 7 22 26 42 23 27 45 48 11 8 2 16 31 44 18 34 1 33 34 44 28 1 31 36 15 8 40 27 26 41 9 31 33 27 9 46 15 12 40 47 7 34 8 36 30 20 38 15 23 6 5 24 8 43 21
10 44 14 34 24 21 30 38 48 21 43 47 5 35 10 17 48 43 2 3 11 34 16 17 23 13 43 1 30 21 24 16 25 42 30 41 23 39 14 9 37 14 17 2 34 43 29 11 32 37 8 11 10 30 41 25 2 46 20 7 12 45 2 15 50 7 35 49 21 20 34 19 11 47 31 7 50 40 15 4
40 34 19 29 20 33 19 47 36 28 18 49 36 45 48 13 38 15 35 28 3 45 33 1 48 22 42 5 20 18 6 13 46 4 11 35 37 10 7 34 48 37 30 37 36 22 5 25 20 20 13 4 20 19 24 25 28 41 9 10 29 46 31 15 24 12 6 42 25 27 41 49 48 44 27 1 20 20 43 30
46 9 12 35 43 43 25 28 11 21 34 47 18 21 18 8 16 7 41 29 10 14 36 36 22 15 30 16 15 21 18 24 48 49 49 36 36 11 26 32 49 10 2 16 44 25 42 28 5 4 18 14 49 11 42 33 6 47 41 37 47 24 39 6 15 22 33 11 47 10 27 50 48 24 8 16 17 13 13 31
3 30 1 38 42 29 44 7 2 18 2 34 11 39 15 39 11 4 14 39 35 33 38 33 10 8 37 44 43 24 33 14 16 20 34 37 40 7 13 22 10 36 32 47 34 10 20 8 48 45 35 16 9 22 41 1 43 42 38 23 45 36 40 14 3 32 3 4 2 36 48 1 44 19 11 8 42 1 29 44
6 18 32 39 33 16 49 7 2 41 10 9 27 22 8 6 25 16 8 29 4 6 25 24 17 43 9 6 11 6 28 19 2 1 16 4 9 19 25 12 22 31 45 7 19 18 45 47 28 22 25 32 36 17 25 8 40 35 35 29 9 23 38 22 37 10 36 26 22 15 35 15 5 38 5 27 42 12 19 3
19 24 43 26 49 23 46 44 28 36 24 47 13 25 43 16 46 5 50 12 44 10 25 1 25 14 3 18 41 4 37 36 40 21 13 8 34 5 35 20 19 32 40 50 48 21 29 22 45 14 41 48 14 47 25 1 35 8 19 22 4 24 43 16 40 26 16 6 36 19 9 48 31 29 3 12 47 21 28 36
39 4 32 9 42 1 5 4 31 37 43 14 8 43 42 38 24 28 32 1 25 43 24 31 49 8 38 20 13 24 7 19 49 29 25 9 23 38 27 32 10 1 43 9 23 10 2 28 19 15 16 18 47 26 9 5 39 47 13 22 11 17 29 1 47 40 41 40 43 7 39 16 46 35 6 8 37 15 22 24
34 3 11 37 49 12 21 32 10 49 4 47 11 30 33 34 18 44 48 9 39 38 12 48 23 6 27 10 29 34 18 45 6 43 7 49 11 45 42 17 40 42 46 4 42 49 20 21 21 39 22 28 12 4 46 3 36 45 36 43 5 37 13 15 50 24 20 39 41 23 13 3 9 36 23 6 17 48 19 1
6 29 29 32 16 32 26 23 18 47 43 28 41 46 44 38 41 2 1 47 44 17 10 10 42 16 22 16 10 20 8 36 20 32 28 16 47 34 18 47 34 28 26 31 13 37 24 7 23 46 8 22 41 47 22 13 39 18 50 16 49 9 28 23 34 19 41 27 12 5 4 14 49 2 14 24 3 41 35 47
1 19 43 43 23 17 44 5 2 6 23 12 12 5 39 27 10 23 44 23 13 41 25 32 34 38 45 27 9 32 3 2 22 7 5 6 20 19 49 44 16 16 14 40 41 30 5 33 24 24 16 48 32 10 25 4 47 25 22 21 35 13 2 40 46 44 5 32 27 50 12 19 49 22 8 41 31 50 9 12
15 16 26 6 15 50 32 7 46 33 26 27 2 25 40 6 24 35 31 18 21 21 18 17 41 6 36 13 17 22 7 29 21 17 31 46 29 21 1 9 1 33 26 28 49 33 9 45 3 22 28 47 5 7 17 29 3 29 13 32 40 20 7 29 10 17 35 45 8 40 45 4 35 37 3 27 24 29 34 18
38 32 16 9 34 33 47 50 11 35 33 45 5 30 45 27 31 2 2 35 21 36 41 2 25 22 2 44 11 43 6 38 19 15 25 15 47 46 13 24 47 23 10 9 4 9 15 14 7 38 22 31 14 22 10 24 46 22 46 3 41 34 17 8 42 15 47 43 29 44 25 10 7 2 31 17 48 9 6 44
21 17 28 41 49 39 33 25 43 24 3 31 14 26 32 21 48 39 33 39 9 7 20 44 5 12 43 22 38 3 7 2 15 49 34 13 44 10 47 24 36 37 39 30 23 6 25 1 32 27 24 20 33 10 41 10 25 38 19 1 32 41 17 49 48 19 25 20 50 41 25 47 4 1 41 16 42 44 49 1
1 42 50 43 8 20 13 41 10 40 21 12 37 3 40 46 26 38 42 40 38 31 40 50 45 4 3 42 10 23 14 6 42 10 14 33 36 37 49 29 23 23 12 49 23 48 10 33 13 29 21 4 10 8 24 11 28 24 14 7 43 2 27 9 18 45 38 4 42 7 6 40 36 43 14 45 41 1 47 16
47 27 10 3 5 27 16 21 27 33 11 36 27 15 49 14 6 2 1 39 7 33 31 22 48 39 35 2 38 39 34 49 30 13 12 26 26 2 43 18 21 47 9 26 15 44 16 3 21 22 3 5 7 41 41 46 35 14 36 43 25 33 30 1 38 9 19 46 20 22 50 50 42 12 9 25 37 38 44 50
34 34 50 12 45 15 12 40 27 15 10 46 28 48 29 3 32 40 28 9 30 47 16 41 29 8 46 50 21 31 33 34 3 11 12 11 23 25 5 19 32 6 10 25 13 35 45 45 16 26 18 2 25 8 49 28 20 4 33 11 19 50 16 4 22 6 5 12 35 37 48 26 10 4 15 36 37 22 18 10
33 46 37 36 26 33 33 20 44 45 1 38 32 37 35 38 1 38 44 31 3 6 11 19 24 21 25 47 42 43 17 8 38 24 45 3 37 18 5 17 28 8 3 29 6 32 36 33 19 36 41 3 36 27 2 33 38 3 45 1 12 48 20 45 15 6 45 48 40 1 7 16 19 22 45 9 17 47 37 4
7 12 50 10 48 24 32 39 46 16 30 27 11 29 46 15 30 31 35 11 15 34 32 47 3 46 37 21 25 9 41 21 28 8 46 50 31 46 31 17 30 21 48 23 38 44 42 12 20 46 24 12 1 43 35 18 1 23 13 26 24 38 22 2 34 6 5 19 43 47 33 27 19 12 34 16 40 16 41 36
12 3 42 36 2 9 12 33 3 12 46 49 8 35 12 34 47 42 22 30 5 43 2 42 46 23 41 25 46 37 34 24 2 11 11 25 14 16 17 34 9 45 50 30 48 6 45 4 6 20 27 24 19 25 19 6 42 2 4 49 8 48 32 29 45 32 20 38 22 23 33 22 10 23 1 24 2 12 41 32
26 1 14 35 17 23 50 23 42 50 8 7 46 5 11 16 7 30 14 4 22 21 43 31 10 21 17 37 30 43 20 47 14 6 24 28 45 22 49 43 33 32 46 30 35 21 33 46 38 31 19 7 11 22 6 29 6 36 18 39 16 44 47 19 43 39 28 49 28 38 36 33 9 5 15 42 12 7 4 44
15 36 34 17 6 45 44 3 31 47 11 40 34 24 24 22 15 49 27 50 6 12 9 13 29 19 38 41 11 21 29 18 14 47 47 33 45 6 8 11 40 49 49 13 28 29 45 44 41 48 33 41 1 48 1 39 31 8 30 1 47 17 11 5 36 2 13 4 49 35 13 39 21 8 28 39 21 2 15 26
9 4 49 33 43 14 19 16 48 38 32 26 20 27 34 25 50 45 7 49 38 17 6 36 13 44 40 18 14 14 15 10 49 19 45 12 7 3 18 6 45 29 37 16 5 39 30 41 11 12 5 49 30 35 15 44 12 3 33 11 42 20 33 20 48 30 18 44 12 50 38 30 9 48 2 18 20 27 29 3
16 42 10 2 43 30 21 48 28 20 44 43 34 43 13 38 23 26 47 26 17 32 3 8 34 22 1 42 9 22 47 15 44 48 15 8 17 47 29 31 6 18 28 19 41 16 11 30 46 15 21 3 8 7 18 12 16 10 49 7 7 18 26 42 27 50 24 13 24 46 3 11 40 48 47 37 37 49 13 14
35 24 4 1 11 41 24 42 14 7 17 15 27 34 7 25 7 33 38 49 50 8 14 39 10 32 9 15 2 38 37 46 35 21 48 47 26 8 21 42 27 27 23 30 21 13 16 21 25 15 34 31 22 45 26 46 1 37 34 18 12 31 14 27 42 28 2 46 12 33 9 20 46 18 43 21 12 48 44 9
36 37 25 43 5 33 47 39 27 22 46 26 26 26 27 9 37 24 11 19 50 23 22 17 19 31 23 10 24 45 26 21 46 29 31 8 37 33 19 32 37 32 18 21 49 13 44 32 36 21 36 48 17 41 38 24 47 5 18 39 35 16 41 25 40 14 3 12 8 40 2 41 22 50 37 38 9 18 1 31
24 10 34 35 5 17 23 40 28 33 2 7 8 42 19 2 4 2 36 49 40 50 24 43 6 49 18 38 37 21 1 41 30 48 3 26 36 30 4 37 44 38 41 1 11 19 35 41 21 17 14 16 27 15 35 40 15 22 44 5 18 11 1 5 39 35 42 14 10 46 24 14 20 50 29 44 48 8 10 10
22 40 33 39 43 50 4 49 20 43 10 1 4 31 50 47 39 43 24 40 13 2 31 22 5 12 11 26 33 44 20 47 30 24 46 46 12 28 8 33 50 1 2 21 9 8 10 50 38 49 49 28 44 4 39 50 2 43 7 28 24 42 48 45 46 5 16 21 7 50 23 27 15 15 5 31 34 1 43 12
36 16 4 40 5 39 6 2 35 49 11 30 25 6 17 49 15 40 33 45 35 48 20 16 35 36 23 23 43 19 32 12 23 36 5 36 2 42 16 35 35 37 9 6 20 9 44 21 4 31 32 20 37 49 40 39 9 34 13 19 43 28 5 27 46 4 4 38 11 39 22 2 12 34 40 14 41 33 26 40
41 42 16 50 31 23 5 1 21 30 31 8 10 25 7 2 12 4 46 3 31 29 3 26 44 27 33 16 28 33 17 20 28 22 1 11 16 15 36 5 30 22 49 37 50 35 35 29 10 11 36 7 14 10 50 13 43 12 34 11 15 6 44 39 32 40 43 19 30 12 28 21 39 37 9 14 26 32 16 35
28 45 36 41 30 46 18 41 45 29 46 20 3 40 35 8 7 37 39 24 43 30 23 14 25 41 47 31 49 36 45 13 25 40 5 25 48 13 28 4 31 23 49 20 33 8 15 21 30 26 11 38 24 49 26 35 44 40 36 40 32 26 6 41 1 9 7 37 50 30 4 41 43 34 45 25 8 9 48 11
28 32 50 27 50 16 49 39 5 40 40 6 38 39 36 43 22 47 9 6 16 33 2 23 22 12 26 40 11 46 36 34 11 17 4 13 21 34 47 18 26 33 9 45 9 25 3 26 42 27 14 38 12 22 12 37 37 38 46 20 13 7 33 43 11 20 19 4 24 34 50 11 21 33 24 28 30 12 37 46
15 9 40 22 32 39 1 36 24 21 37 5 5 6 35 25 6 10 45 25 31 22 3 7 17 45 13 4 40 38 4 44 21 10 24 31 44 8 43 29 10 3 23 2 8 38 27 13 37 25 15 15 26 24 48 18 42 18 25 39 7 46 44 10 44 21 4 3 44 2 25 27 24 3 33 28 20 10 30 40
20 42 8 22 41 18 36 2 42 37 50 30 2 27 12 20 22 6 38 19 31 49 43 2 49 28 46 47 32 33 38 48 41 34 30 14 27 42 3 2 49 32 37 12 39 29 16 27 38 41 6 5 48 48 22 9 20 22 2 32 32 8 9 16 38 45 2 47 33 33 46 18 44 50 34 43 28 7 19 30
31 33 46 43 4 17 47 12 13 4 1 36 13 4 39 21 48 43 45 5 24 32 30 33 5 24 9 18 33 43 11 31 44 27 1 24 36 33 29 47 19 28 15 50 10 23 23 31 11 47 49 8 37 29 4 29 40 36 32 14 26 48 7 15 34 27 27 39 9 2 12 46 16 15 21 31 10 43 22 27
38 27 37 44 21 38 18 39 20 41 33 42 4 14 18 2 6 5 46 26 47 50 43 19 50 23 36 41 12 12 16 8 6 49 38 9 21 14 2 10 50 8 47 42 35 18 47 20 47 1 13 35 26 26 46 50 30 2 2 31 9 46 5 33 43 11 2 50 49 9 7 38 26 4 20 5 12 40 48 14
35 38 14 30 6 43 49 37 31 25 5 38 42 35 31 5 48 40 2 48 27 24 49 22 48 20 8 22 20 36 3 40 28 25 6 4 48 28 25 19 18 29 47 19 21 50 21 8 46 2 5 16 26 21 23 40 48 47 1 33 41 31 1 10 32 28 41 27 12 17 41 18 19 45 9 24 44 47 11 41
9 4 41 44 25 41 9 6 43 13 26 5 6 15 50 14 39 50 48 40 37 50 8 25 1 19 29 38 4 10 14 17 47 34 10 23 42 5 45 44 19 40 38 31 28 49 5 27 33 33 49 33 8 48 28 28 40 1 13 26 30 15 34 22 37 16 15 10 42 26 28 26 38 14 30 43 32 32 42 14
1 49 10 41 46 42 10 10 15 19 5 39 11 44 9 49 28 23 48 8 45 48 42 10 28 14 2 41 21 12 19 18 37 5 43 30 40 45 1 23 42 35 44 8 17 33 31 22 23 9 49 1 26 32 37 11 17 41 23 34 23 38 6 3 17 50 10 15 26 17 36 47 38 38 30 8 13 41 15 6
19 25 23 38 12 33 30 18 33 28 12 39 12 36 29 43 21 17 41 1 4 43 38 7 22 16 41 13 1 50 43 7 31 37 1 44 22 49 39 23 35 39 22 24 49 41 48 20 19 11 25 22 21 50 47 45 38 33 22 24 30 1 8 17 38 48 38 42 40 24 14 12 38 4 38 45 30 40 29 40
43 47 18 44 13 30 16 43 17 33 26 45 47 29 40 36 39 25 27 20 47 21 25 3 49 15 39 25 2 5 39 39 42 2 1 48 34 33 16 29 18 30 36 38 5 8 21 25 38 5 47 49 16 11 38 13 25 16 16 39 31 34 16 50 25 11 18 19 24 37 6 21 7 23 12 31 1 19 10 29
7 20 37 12 8 29 45 17 11 43 12 35 15 39 37 37 40 30 34 17 10 10 16 23 15 34 21 6 40 45 49 21 47 44 19 45 10 38 36 11 12 33 27 14 13 30 37 27 35 29 8 23 17 31 14 38 32 32 22 29 10 2 3 49 8 19 7 20 29 19 50 20 50 30 19 3 24 3 45 18
18 12 5 7 24 22 7 42 29 30 39 11 44 34 22 25 34 14 43 10 14 3 47 11 33 25 20 27 37 16 14 6 40 36 38 7 9 27 39 12 26 24 43 33 19 27 35 39 22 12 43 24 16 41 15 10 17 6 7 45 43 21 25 16 45 44 48 29 7 1 49 47 25 3 42 19 43 23 26 22
14 2 27 13 18 30 9 38 25 8 13 32 4 6 24 3 27 24 24 45 40 14 24 20 25 12 45 43 25 20 4 49 35 21 46 7 21 23 31 36 20 31 5 15 39 31 40 28 39 40 23 35 9 3 21 8 22 48 45 12 50 45 2 3 31 49 13 24 33 31 43 43 15 37 21 46 31 3 26 17
43 29 41 45 28 14 18 27 5 8 45 42 27 15 16 40 49 29 24 24 29 26 24 21 47 33 32 8 17 4 1 2 22 40 2 45 49 48 26 2 21 48 37 4 36 36 36 45 37 27 41 22 17 2 32 49 16 2 17 1 21 14 36 6 45 49 41 42 15 40 41 39 2 48 43 39 43 10 26 47
24 7 15 39 5 10 27 43 16 21 46 29 46 39 2 41 34 25 16 50 42 34 23 44 3 28 36 48 37 25 24 48 8 50 3 5 6 50 15 49 45 6 50 45 25 40 25 20 7 32 48 36 10 24 2 33 38 39 14 35 39 41 13 34 40 47 40 19 47 35 21 13 21 36 8 14 18 33 32 23
36 24 22 13 38 2 22 19 15 8 17 12 41 30 47 31 12 33 13 37 44 42 29 16 25 16 25 44 32 29 8 18 11 6 41 23 31 17 45 39 50 17 29 46 15 30 9 9 20 6 4 29 27 23 24 42 36 28 29 25 11 25 13 45 44 17 5 38 22 4 5 50 12 19 45 7 12 27 39 27
22 48 10 47 9 34 13 43 37 36 45 32 27 28 7 50 35 43 5 17 32 49 21 18 24 32 14 50 30 25 41 23 21 31 37 16 45 28 50 32 48 32 5 32 6 1 18 25 37 16 32 45 30 10 40 33 21 4 39 38 45 32 43 16 15 24 18 1 1 6 7 9 31 28 36 12 49 43 27 25
42 27 10 17 30 42 10 10 24 11 6 39 43 31 2 28 34 45 7 27 18 20 42 27 39 25 28 35 17 2 26 44 39 15 40 24 35 23 12 2 15 39 45 34 32 18 21 44 31 9 18 21 2 39 50 47 22 40 5 32 22 9 28 40 25 7 12 48 18 23 6 7 40 39 8 16 17 40 43 7
36 18 37 20 34 34 43 3 32 39 30 22 37 47 30 1 26 44 44 22 20 11 30 37 36 19 34 8 1 46 45 13 1 26 40 36 8 7 13 40 7 12 37 12 20 28 49 37 29 23 29 3 34 47 8 27 27 29 33 31 25 32 49 14 42 46 7 37 33 13 21 43 47 19 49 37 42 36 6 48
20 50 34 29 47 21 27 39 25 25 44 46 11 10 24 25 12 14 41 44 32 42 15 39 4 19 4 47 28 32 10 11 23 48 36 44 45 17 11 23 4 37 10 13 25 47 49 7 26 20 41 9 23 10 8 46 38 45 43 12 1 9 27 43 24 12 13 39 8 35 27 45 12 2 11 48 25 12 21 50
33 25 47 31 44 32 27 35 29 14 5 21 30 20 11 17 22 20 44 48 16 29 13 8 4 33 8 36 40 15 46 38 44 9 10 37 29 40 26 6 10 45 31 46 24 50 48 31 4 50 43 39 3 12 39 32 16 35 49 44 4 44 39 45 48 3 31 28 20 33 26 17 7 31 16 40 33 29 39 8
30 30 18 44 28 31 29 44 10 7 49 50 13 13 47 49 38 33 17 7 25 39 4 27 46 21 9 42 32 33 20 50 20 23 26 22 39 31 40 49 47 50 7 49 48 34 49 7 12 34 33 4 11 13 25 11 41 36 45 23 18 46 3 10 8 38 33 24 13 5 14 24 49 30 43 1 10 16 35 1
9 46 1 6 41 42 34 44 7 34 42 36 20 35 45 15 15 49 33 20 21 32 44 32 28 30 39 48 45 30 39 27 33 4 9 39 33 1 1 47 2 50 14 37 48 36 8 17 15 24 16 35 50 42 43 23 48 17 28 34 25 50 20 3 35 13 11 47 41 27 9 37 48 2 47 43 31 41 15 29
46 37 46 47 22 36 18 19 25 3 1 21 31 34 41 10 28 8 32 29 24 17 16 9 9 7 17 22 35 33 15 35 48 6 26 1 37 27 35 29 23 48 24 9 49 10 43 25 9 34 14 22 30 42 50 28 8 43 16 38 36 1 47 32 6 10 34 18 5 29 39 28 35 46 44 19 49 22 40 28
35 14 30 26 11 3 39 14 43 3 47 22 4 4 16 27 28 38 25 16 3 17 30 44 42 10 28 1 18 39 45 7 47 27 32 5 4 39 49 31 19 8 39 11 41 15 41 45 36 43 5 14 28 47 50 12 6 13 18 11 49 16 44 39 33 41 49 49 26 4 34 41 12 49 27 23 15 13 11 2
26 6 28 34 32 16 28 17 45 25 19 28 9 8 17 2 32 20 27 6 42 44 28 49 39 44 6 8 25 40 49 25 8 7 11 41 9 20 29 18 11 36 28 18 45 27 18 48 20 50 20 29 35 46 31 5 12 13 6 35 44 25 17 42 39 29 34 21 36 1 16 42 6 42 36 31 48 49 40 39
13 45 44 17 47 37 30 12 15 28 14 35 39 14 10 8 33 37 32 25 28 40 43 19 14 36 31 3 1 10 13 49 2 50 30 50 30 18 8 10 26 43 9 11 29 16 37 1 35 39 3 1 26 39 27 17 43 23 37 37 24 12 39 18 11 13 41 47 5 3 12 42 28 47 6 21 38 49 38 13
40 11 38 39 50 2 42 42 14 20 46 15 7 11 25 22 46 11 18 21 30 49 33 49 5 40 33 6 38 43 26 49 30 30 19 49 45 26 5 18 3 36 41 45 15 38 24 26 8 17 37 29 16 33 2 24 45 39 11 3 15 24 11 33 16 48 35 12 32 11 38 9 33 10 3 14 32 25 23 7
41 7 12 40 22 30 48 46 15 9 43 3 38 36 12 14 47 46 16 7 49 16 2 37 23 40 20 29 32 47 37 29 39 42 23 12 37 41 39 36 43 44 9 7 41 9 8 11 15 28 22 22 20 29 3 46 29 23 9 44 21 23 31 26 29 48 29 42 48 24 15 35 50 48 19 30 36 3 23 1
1 39 48 27 30 43 25 2 15 24 5 12 8 20 31 13 7 41 23 37 15 50 1 32 11 42 6 45 1 37 20 39 7 11 39 27 43 14 11 15 43 4 18 25 11 40 46 34 31 35 31 5 13 35 35 45 47 11 17 25 18 20 40 5 8 36 40 43 21 25 28 2 8 38 44 41 11 10 13 21
2 46 23 36 7 42 30 39 45 31 15 12 6 10 3 47 5 17 4 31 33 17 42 32 40 25 18 40 39 27 27 2 35 46 25 22 29 15 48 44 20 33 39 13 45 7 9 11 16 42 10 3 13 47 40 26 27 15 14 4 5 4 29 11 38 45 15 26 12 26 8 11 30 25 20 17 27 28 29 47
9 30 35 40 22 41 29 2 25 15 43 17 29 22 8 18 45 20 34 30 19 25 5 30 43 35 16 44 28 12 23 28 27 14 46 11 38 29 50 37 13 5 41 1 2 6 26 46 2 19 23 26 39 24 30 24 9 1 22 39 49 10 29 40 37 44 28 34 10 9 27 33 43 4 10 24 20 28 26 21
4 36 29 23 23 15 2 44 32 34 10 50 14 49 23 6 23 21 35 11 33 13 7 42 45 39 3 7 35 35 32 11 3 48 48 11 5 38 2 19 37 49 5 7 5 32 6 27 21 7 11 20 36 24 25 41 11 11 25 48 19 14 3 30 39 22 48 47 46 21 19 6 12 27 18 48 25 5 14 9
28 4 47 9 6 20 40 33 2 6 49 50 24 28 1 10 39 21 27 16 50 39 29 5 48 40 22 24 12 10 6 25 18 28 33 45 30 44 37 35 3 3 32 14 19 32 42 6 28 30 48 48 50 38 14 30 5 11 49 43 26 28 1 32 27 13 10 44 14 6 45 35 34 19 48 27 1 34 37 50
48 29 31 20 35 44 29 27 37 32 46 7 4 18 12 17 50 45 21 42 41 33 46 26 16 50 21 17 25 13 35 41 22 13 41 42 40 49 2 37 48 28 30 29 20 49 44 30 14 15 15 46 3 21 40 8 31 19 48 40 33 47 29 2 48 35 8 34 2 20 44 44 8 26 23 38 1 23 21 17
44 40 20 19 34 33 40 24 37 1 10 21 25 31 43 10 40 44 28 8 20 6 39 16 8 5 45 49 5 16 35 32 26 20 23 29 24 15 38 28 49 45 45 7 39 24 15 32 5 50 28 42 10 41 12 20 50 3 34 29 20 37 40 49 3 35 49 40 5 25 50 39 46 4 22 33 37 35 43 6
34 7 36 20 37 14 27 7 29 19 16 47 11 37 10 23 48 18 33 4 12 37 24 18 28 46 27 40 27 49 5 1 41 16 35 22 10 26 13 27 22 18 33 19 24 15 13 48 25 17 8 45 35 40 44 25 18 15 16 34 9 34 40 7 11 12 16 34 37 5 28 48 7 41 9 21 17 24 50 45
24 3 31 35 20 10 3 40 13 47 36 21 43 24 47 10 11 27 3 21 45 50 2 48 8 47 7 33 7 34 6 16 24 24 22 50 40 41 19 46 35 28 21 24 17 46 2 3 27 35 2 47 36 3 34 48 48 43 25 1 30 9 4 14 12 35 25 15 1 19 9 18 32 44 16 47 40 27 14 27
48 23 6 45 8 9 15 49 7 26 8 20 26 45 17 16 7 19 14 16 32 9 31 30 4 43 24 45 17 36 6 22 24 37 8 2 38 3 37 42 13 49 19 42 9 6 49 33 48 9 14 8 32 50 24 17 14 28 45 50 9 3 5 20 37 24 34 23 35 11 19 36 4 25 34 21 9 48 19 21
46 46 41 21 19 8 41 41 45 8 14 26 2 11 36 24 39 44 41 17 45 10 18 43 17 22 37 8 24 7 47 14 32 9 39 43 43 34 12 32 11 1 30 34 27 44 20 2 27 3 24 37 15 7 20 21 23 36 41 31 33 25 13 29 40 6 37 10 40 49 7 23 27 24 8 37 16 41 43 40
31 8 43 20 4 23 25 45 25 32 40 29 17 38 12 22 15 2 8 29 36 28 8 24 17 13 23 3 25 20 16 39 35 46 14 29 35 3 48 38 8 3 36 20 39 24 11 41 50 23 40 45 38 41 27 34 44 47 17 46 28 21 48 4 40 21 10 33 39 39 6 49 36 7 41 13 31 42 6 14
17 3 33 41 3 2 47 1 43 23 46 2 18 47 35 18 24 14 39 35 1 5 23 41 48 27 1 15 48 47 34 22 18 39 18 24 31 24 49 29 31 36 43 35 49 17 13 42 28 12 31 14 11 8 20 37 41 26 41 41 27 40 39 36 2 11 22 10 12 42 12 16 2 8 44 12 40 16 48 42
37 29 46 49 47 42 49 14 3 17 4 42 49 45 44 20 4 42 14 46 43 32 10 15 30 10 28 42 35 20 31 7 38 27 27 40 31 34 24 19 35 33 39 49 25 43 20 42 7 25 9 31 48 19 22 15 19 12 4 8 18 11 45 46 26 29 4 32 39 40 20 49 17 30 30 50 38 46 2 26
11 24 4 36 27 41 22 31 32 13 5 45 38 41 20 43 26 32 31 17 8 48 5 17 9 23 9 43 48 6 11 13 8 32 39 37 45 30 32 5 45 4 12 26 5 24 47 31 1 8 18 47 17 21 19 43 43 44 48 23 24 43 28 3 32 25 44 49 8 1 12 13 32 29 17 23 44 32 50 31
19 6 29 43 18 22 6 11 29 16 21 5 18 27 21 40 32 8 43 13 35 44 28 42 34 23 40 18 48 32 39 3 4 21 50 34 12 25 15 9 41 15 47 12 16 50 50 19 11 33 29 1 20 31 49 48 6 15 39 36 5 4 45 35 30 32 12 9 8 5 11 29 41 42 46 29 9 11 18 20
24 9 27 3 27 41 46 25 7 15 36 45 31 36 2 29 42 48 2 39 42 41 24 27 26 31 48 19 5 38 20 41 28 3 30 12 8 5 5 16 10 2 31 28 16 43 42 6 35 33 45 15 15 26 42 24 35 7 32 21 32 10 30 13 3 21 34 10 36 17 32 23 24 29 17 8 49 22 44 17
12 34 20 23 11 26 25 48 13 47 18 23 49 10 16 35 19 25 49 46 48 9 48 9 38 12 45 4 13 7 24 44 34 42 12 46 47 31 25 39 29 24 13 3 24 18 29 13 38 22 28 29 9 10 2 22 45 42 48 48 9 26 43 28 40 3 48 50 16 13 14 40 18 39 39 12 12 38 48 29
21 49 35 9 35 17 49 4 18 44 22 4 26 8 30 12 10 21 46 41 14 32 28 28 8 3 2 11 34 26 50 22 15 45 13 1 17 20 35 33 19 17 36 3 19 26 2 5 45 3 14 38 29 32 36 43 15 40 31 43 45 35 31 36 2 11 13 18 44 35 24 8 25 12 10 16 40 6 37 8
